[3.656025849701745, 2.549801955511078, -1.5287018979453164, 1.469988334308297, 1.3962060857577718, -1.9079381600666518, 3.5017271074980822, -2.3499294425491746, -0.3837110333172323, -2.0360022601504295, 9.993663063205071] Score: 9.993663063205071 Runtime: 299ms
[3.6560356840239665, 2.5497819183339545, -1.5289353709298892, 1.4700662532411601, 1.3961393341123305, -1.9076696869106118, 3.501904590506128, -2.350202118260345, -0.38388997235649785, -2.0359769412041993, 9.992407266693242] Score: 9.992407266693242 Runtime: 313ms
[3.65620169229125, 2.549754611413, -1.5294891290629478, 1.4696032796649154, 1.3962229271892153, -1.9078881182945289, 3.5016396655718878, -2.3503313826480747, -0.3841023091522327, -2.0358314001504993, 9.995150165717542] Score: 9.995150165717542 Runtime: 306ms
[3.6562043009372203, 2.5498512883192324, -1.5288453679228096, 1.4699793628940825, 1.396251904961044, -1.9077868109224392, 3.5018210779031627, -2.3500036678275213, -0.3839396949068502, -2.035994261897997, 9.99213006200374] Score: 9.99213006200374 Runtime: 303ms
[3.6561452624687654, 2.5497785902342227, -1.529415128142267, 1.469920949979746, 1.3961353411864161, -1.9078938343491934, 3.5018626396486856, -2.350356077449033, -0.3843025832130155, -2.0359005212103485, 9.993768927664036] Score: 9.993768927664036 Runtime: 307ms
[3.65668762429571, 2.550081811594836, -1.5286545154333724, 1.469950650700742, 1.3960089049873194, -1.907145938449837, 3.502296147017364, -2.350021250497573, -0.3844545582981509, -2.035370096020985, 9.98858037424419] Score: 9.98858037424419 Runtime: 300ms
[3.6560990551521946, 2.549690748525178, -1.5294602513401592, 1.4696428986365426, 1.3960950752764878, -1.9079500374748322, 3.5016857728615944, -2.350338258906138, -0.38400532971266305, -2.03585530620405, 9.994676058128498] Score: 9.994676058128498 Runtime: 296ms
[3.656625239634171, 2.5501473754709227, -1.5290877652282522, 1.4698833637687683, 1.3964703107313343, -1.9071246782223703, 3.5018275066149926, -2.350235927717693, -0.384607385751125, -2.0354058895803946, 9.991459625755535] Score: 9.991459625755535 Runtime: 313ms
[3.6562254759313118, 2.5498027822819846, -1.529469467503019, 1.4697183309668063, 1.3961446210152393, -1.9076383070914573, 3.5017059364139014, -2.3503919979622934, -0.38432779603513983, -2.0357486415903963, 9.99585080591077] Score: 9.99585080591077 Runtime: 295ms
[3.6564719949782143, 2.5500301595841837, -1.529042974834249, 1.4698406400954365, 1.3964387361012032, -1.9070350151624136, 3.501704257338768, -2.350299956446028, -0.3845935019941341, -2.0352178662067257, 9.990930190982631] Score: 9.990930190982631 Runtime: 293ms
[3.6565006371168236, 2.5501016349194536, -1.529128217754652, 1.4699369562564337, 1.3965164717467584, -1.907102238634198, 3.501762510989383, -2.3503367488162423, -0.3846547173374522, -2.0353407557572294, 9.990958121061652] Score: 9.990958121061652 Runtime: 309ms
[3.6560464579589302, 2.5497203562983963, -1.5288131911102798, 1.4700128567948765, 1.3960593053237855, -1.907712711017286, 3.501990312896954, -2.3503461595002397, -0.38400434140311207, -2.0358843367540658, 9.995250281787596] Score: 9.995250281787596 Runtime: 294ms
[3.6561348978981805, 2.54964662834547, -1.5293285775785206, 1.4699102158654762, 1.3960717553012818, -1.9077052969695854, 3.5016133693652582, -2.3503512089000274, -0.38440112704798607, -2.0358273696617157, 9.993089523973875] Score: 9.993089523973875 Runtime: 312ms
[3.65664428673071, 2.5501071732600926, -1.5294811464939284, 1.4696243028983722, 1.3966828996176228, -1.9072631800576674, 3.5024020876240454, -2.3499360670379104, -0.38480026769147696, -2.0357706477682465, 9.987115265056346] Score: 9.987115265056346 Runtime: 304ms
[3.65617002044137, 2.5497658619073347, -1.5295259763775344, 1.4697159583826904, 1.3962094642544796, -1.907836963789029, 3.501833829822081, -2.3502688107178926, -0.3842082537457822, -2.035907519673974, 9.99438510751977] Score: 9.99438510751977 Runtime: 314ms
[3.6567348296681623, 2.550194896679672, -1.529155202474579, 1.4696900377282978, 1.3964291489388254, -1.9073155800741248, 3.5021821513506204, -2.35028866112188, -0.3845442336326227, -2.0352300451476895, 9.990720011896059] Score: 9.990720011896059 Runtime: 298ms
[3.6561557825252193, 2.5497841178063547, -1.5293387304550266, 1.4696568383570427, 1.3962358212386012, -1.90801330615777, 3.501698557614309, -2.3501615847119535, -0.3843276600124204, -2.0355554843029977, 9.99029234889393] Score: 9.99029234889393 Runtime: 299ms
[3.6565418166522523, 2.550103861694586, -1.5285921115196326, 1.470108302791704, 1.396150034390603, -1.9070577196641416, 3.501868075609356, -2.3500072517178388, -0.38439852997363294, -2.0353807232328514, 9.990318221739326] Score: 9.990318221739326 Runtime: 299ms
[3.656106528828395, 2.5498089830123107, -1.52956927545939, 1.4697728493455964, 1.3960274360213165, -1.907597509491848, 3.5016562474542785, -2.350114351084092, -0.38427981847513526, -2.0358120742572883, 9.994458191428347] Score: 9.994458191428347 Runtime: 299ms
[3.6562291844541277, 2.5497793214898223, -1.5293523836294183, 1.4699064662652008, 1.3961542254052457, -1.9077374768003825, 3.5018386490262383, -2.350260678223661, -0.3841114606193105, -2.0359165790504035, 9.992969778925856] Score: 9.992969778925856 Runtime: 298ms
[3.656042475863835, 2.5498055242056488, -1.5286971175039374, 1.4701314577339866, 1.3959877039911797, -1.9075450033775025, 3.501832532480403, -2.3500295669861235, -0.3839694689790332, -2.0359287583081818, 9.994390440035627] Score: 9.994390440035627 Runtime: 299ms
[3.656223305793418, 2.549786092082075, -1.5295580648139602, 1.4697139491479536, 1.396110909016653, -1.9077106033767335, 3.501705481296348, -2.3503130045920297, -0.38407094306725825, -2.0357700912378354, 9.995634471429172] Score: 9.995634471429172 Runtime: 318ms
[3.6562349157433163, 2.549830998572577, -1.5286981842984781, 1.469966589454764, 1.396172980069895, -1.9078085862327316, 3.501630999131441, -2.350131657761277, -0.38388475059896504, -2.035846642775774, 9.992349874345056] Score: 9.992349874345056 Runtime: 299ms
[3.6562503252855754, 2.549847072003275, -1.5288865837241683, 1.4699623328006313, 1.3960387507028051, -1.907901274947402, 3.5022056303294185, -2.3501548263917753, -0.38379201838224486, -2.0358160698019505, 9.99132461662769] Score: 9.99132461662769 Runtime: 292ms
[3.6561690291208118, 2.549723587703174, -1.5294826813996973, 1.4696527670772623, 1.3961008778163244, -1.9077449555009154, 3.5018354135836, -2.350190809735929, -0.3841179656479309, -2.035907920863326, 9.994406337346437] Score: 9.994406337346437 Runtime: 302ms
[3.656102554714178, 2.5498236224193853, -1.5292187206134513, 1.4696040795296441, 1.396215125002613, -1.9079016972692069, 3.501616198629993, -2.3501324398877297, -0.3840608381649122, -2.035769269657916, 9.993159301969262] Score: 9.993159638274818 Runtime: 298ms
[3.656742920284636, 2.5500011944147998, -1.5292860859157635, 1.4698328223244523, 1.3960431609100874, -1.9070835200628649, 3.5022769150858624, -2.3503404533081915, -0.3845515971245786, -2.0351622599680574, 9.992862340430934] Score: 9.992862340430934 Runtime: 299ms
[3.6562393891640608, 2.549789364424193, -1.529272512730056, 1.46975841441857, 1.3960714343955394, -1.90770479930361, 3.5018406599369305, -2.3503092260987026, -0.38423281494445816, -2.035793982770043, 9.99555235871196] Score: 9.99555235871196 Runtime: 312ms
[3.6565325841316616, 2.5501236436018897, -1.5292882294323453, 1.4697722579955108, 1.3963749136350816, -1.9070385795977292, 3.5017072551775827, -2.3501909791353204, -0.3847529110419924, -2.035276841994732, 9.993038898408486] Score: 9.993038898408486 Runtime: 291ms
[3.6565954382222947, 2.5501496955717498, -1.5292222141882974, 1.4698082442904543, 1.3965089762245275, -1.9070195147464677, 3.5018730364414337, -2.350304344725145, -0.3846215798882515, -2.0353033737694886, 9.991645330715649] Score: 9.991645330715649 Runtime: 294ms
[3.6560888984105118, 2.549674770350817, -1.529531359666966, 1.4696952364971745, 1.3960133385178246, -1.9076733616608768, 3.5017049345062046, -2.3503543324819263, -0.38430700610522806, -2.035722896900904, 9.995151660733711] Score: 9.995151660733711 Runtime: 316ms
[3.655994411642458, 2.549629164468124, -1.5296118377169379, 1.4698859378190403, 1.3960647869858709, -1.9078387608763647, 3.5015965326905425, -2.3501391582608493, -0.38339100540295395, -2.0357145018550886, 9.994290040096766] Score: 9.994290040096766 Runtime: 303ms
[3.6560756626285507, 2.549871832736936, -1.5294652116748633, 1.4698787025022897, 1.3960093933336035, -1.9077861347135086, 3.5017697985634517, -2.350279209139019, -0.3843919465976888, -2.035803824856717, 9.992688847060197] Score: 9.992688847060197 Runtime: 304ms
[3.6565666887001504, 2.5500555383782215, -1.529077727072614, 1.4698657787183909, 1.3965036005984917, -1.9070688525604407, 3.5016880719066252, -2.3503678890344886, -0.3844944844604589, -2.035371560106771, 9.991041430769775] Score: 9.991041471722838 Runtime: 297ms
[3.656109729466104, 2.5497284000050926, -1.5295129910580378, 1.4701578172238476, 1.396092280686798, -1.9076750500401636, 3.5016340044023977, -2.350214687600851, -0.3837974555578873, -2.0355652286969077, 9.993116195116645] Score: 9.993116195116645 Runtime: 291ms
[3.6560956643460116, 2.5497821810596655, -1.5293980022544889, 1.4697279421195206, 1.3960630264954612, -1.9079680516919322, 3.5017267164065737, -2.350238194021998, -0.3838993891612143, -2.0359589890035292, 9.993982568538911] Score: 9.993982568538911 Runtime: 308ms
[3.6560038770912113, 2.54982715516323, -1.528913744944816, 1.47023638919108, 1.3961721145160937, -1.9079549194588485, 3.5016478659044563, -2.3497577658011823, -0.3834091826675597, -2.0357482691784394, 9.990549033400344] Score: 9.990549033400344 Runtime: 319ms
[3.6560600814821935, 2.549707661113234, -1.5294103911697767, 1.4695973299339875, 1.396103390416919, -1.9079887808691744, 3.501661095292586, -2.35030387581227, -0.3840399643305813, -2.035942676563527, 9.995271576589433] Score: 9.995271585561657 Runtime: 296ms
[3.656210873135022, 2.5498151032855483, -1.5293174117912673, 1.4699483355319225, 1.3960509191572563, -1.907908745700574, 3.501791273891106, -2.3503951321146066, -0.3842548709594239, -2.03575463157507, 9.994215639377412] Score: 9.994215639377412 Runtime: 290ms
[3.6561299634296236, 2.549821490839183, -1.5295736082835196, 1.469870189205755, 1.3961532904396248, -1.9077261916150108, 3.5017543343901454, -2.3503039879948973, -0.3844672677309494, -2.0359254870175167, 9.993495775689457] Score: 9.993495787425534 Runtime: 303ms
[3.6561264375336004, 2.5497042835341595, -1.5291715202739136, 1.46973007063808, 1.3960646957313645, -1.9074778828591903, 3.501714082327521, -2.35015962487547, -0.3838978124063763, -2.035738755655436, 9.99344272996434] Score: 9.99344272996434 Runtime: 312ms
[3.656037584887278, 2.549801917551053, -1.5288036238520923, 1.4698727003815917, 1.396151917976868, -1.90772959940743, 3.501651797426015, -2.3500288717731608, -0.3840959470312535, -2.0357840270435656, 9.991857461795028] Score: 9.991857461795028 Runtime: 309ms
[3.6565095377560852, 2.550108587728444, -1.5292396068134824, 1.4698692233396076, 1.3964696874728786, -1.9070065885244558, 3.5019079463400047, -2.3500394925756924, -0.38463902432089153, -2.0353030354910833, 9.990454292872386] Score: 9.990454292872386 Runtime: 293ms
[3.6562246658695736, 2.549905499487828, -1.5292561941582696, 1.4698028413480273, 1.3962873644329559, -1.907980492248637, 3.501641519056875, -2.3502101145708436, -0.38441876825379756, -2.0359432707756353, 9.991105234854961] Score: 9.991105234854961 Runtime: 315ms
[3.656070364593547, 2.5496874385465493, -1.5286515295750454, 1.4700158836073067, 1.3960610234449602, -1.9076745409501286, 3.5019414295250355, -2.350186557429515, -0.3839128658179313, -2.0359006331859835, 9.994564140633315] Score: 9.994564140633315 Runtime: 320ms
[3.655983117594861, 2.5496211185359603, -1.5293247396175984, 1.4696819731684474, 1.3960032184488937, -1.9079589068250158, 3.5016542198619196, -2.3502778671599085, -0.3840028649195009, -2.0358994968101745, 9.99724402157182] Score: 9.99724402157182 Runtime: 318ms
[3.6560766102894737, 2.549806480637413, -1.528707423647483, 1.4698026301107687, 1.3962561938087081, -1.9078206296374458, 3.5018062520226607, -2.350108587694885, -0.38390598116294494, -2.035988705929972, 9.99203421219226] Score: 9.992034511643732 Runtime: 302ms
[3.6563450097205257, 2.5499592311507846, -1.5291457262241426, 1.4699964054834058, 1.3961357107505847, -1.907036443768743, 3.5020812239483785, -2.3503830942600765, -0.38463128385496315, -2.0354235206453932, 9.990836375311963] Score: 9.990836375311963 Runtime: 297ms
[3.65679669189154, 2.5501387163838944, -1.5293133712162243, 1.4699276471573752, 1.3960746499852046, -1.9073454564929926, 3.502365613786276, -2.350188358996046, -0.38479695945041975, -2.035327470245412, 9.987497760234367] Score: 9.987497760234712 Runtime: 306ms
[3.656156000866735, 2.54969066793145, -1.5288940030595826, 1.4700736747407261, 1.3960858484472611, -1.9077268106464338, 3.501921217157884, -2.350277846025923, -0.3838151364769424, -2.0358472311854166, 9.991728120714056] Score: 9.991728120714056 Runtime: 308ms
[3.656537475537293, 2.5501391524683146, -1.5291598786600733, 1.4698749333071006, 1.3965713787180958, -1.906995508936031, 3.5018679574767875, -2.350370608936893, -0.38466314737528295, -2.0350885396067113, 9.990238204502116] Score: 9.990238204502116 Runtime: 301ms
[3.6566804638030312, 2.5500122373613188, -1.5292390878373097, 1.4698989908655031, 1.3962254558427103, -1.9070597280374395, 3.50227759908255, -2.350327348682448, -0.384510569490959, -2.0351588246082257, 9.991711987888687] Score: 9.991711987888687 Runtime: 322ms
[3.6561049178011507, 2.5498239529759013, -1.5295516258120556, 1.4697267078524903, 1.3960070083452842, -1.9075437054720057, 3.501651242652271, -2.3502911269756304, -0.38432543428128224, -2.0359331704858192, 9.995036238383078] Score: 9.995036238383078 Runtime: 313ms
[3.6561262413985802, 2.5496563724950527, -1.5294098168439973, 1.4696336096571627, 1.3962497093878201, -1.9077552130764872, 3.5018388049334233, -2.350358154857034, -0.3841804804693092, -2.035905489236779, 9.994504245039831] Score: 9.994504245039831 Runtime: 299ms
[3.6561394929887348, 2.5500639431663084, -1.5295769469977014, 1.4697789439969182, 1.3960552568184745, -1.9077718095673604, 3.5016876341840626, -2.350325128212268, -0.3842607166641751, -2.035934260802058, 9.9920042934381] Score: 9.9920042934381 Runtime: 312ms
[3.6563193895983632, 2.549928982060449, -1.5291902317364623, 1.4699454129090785, 1.3961255187562283, -1.907022364223153, 3.501988580919369, -2.3503461130171344, -0.38458066705002775, -2.0354350776701775, 9.993069138141744] Score: 9.993069138141744 Runtime: 294ms
[3.6562184009934424, 2.549882402601406, -1.5293993312858802, 1.4700468018896173, 1.396039068236145, -1.907854000420045, 3.501621236719536, -2.3501598014166865, -0.38431648328352896, -2.0358233249437103, 9.991624445667858] Score: 9.991624445667858 Runtime: 302ms
[3.656268690313055, 2.5497523432684326, -1.5294674244035142, 1.4697233054802183, 1.3962121960624416, -1.9078919099609473, 3.5019242447515, -2.3503981477592966, -0.3839724301672501, -2.035650541080697, 9.994048658680908] Score: 9.994048658680908 Runtime: 287ms
[3.6566327243858847, 2.550106447076942, -1.5292463642033751, 1.4701484570022678, 1.396352207117349, -1.9071917348974246, 3.501828543329834, -2.350320650402297, -0.38470807086494735, -2.035365816492192, 9.98977573060865] Score: 9.990885394104922 Runtime: 328ms
[3.6565321579140173, 2.5501189429761144, -1.5292247605489997, 1.4699669980238312, 1.3966063361462635, -1.9070439680663456, 3.501931425674256, -2.350176205360899, -0.3845989792587462, -2.0353392024918286, 9.991951187391663] Score: 9.991953400486482 Runtime: 319ms
[3.656107611780333, 2.5497784789198055, -1.528771359274236, 1.469811863741724, 1.3961034394942857, -1.9078276600003434, 3.5016377038664555, -2.349937215656923, -0.38366989613526514, -2.0359185065966234, 9.991939614762272] Score: 9.991939614762272 Runtime: 295ms
[3.6560783408487127, 2.5497836584719606, -1.5286327916079399, 1.4700994784296455, 1.3960955509664674, -1.9077255038648475, 3.5019477439914226, -2.3502409570380367, -0.383934869651919, -2.0358723563295147, 9.99380003222728] Score: 9.99380003222728 Runtime: 293ms
[3.656175197912029, 2.5499024945539013, -1.5288656963882978, 1.4699105970484474, 1.3961190311573384, -1.9077536735322254, 3.501692941890435, -2.3500398409861423, -0.38399429446313127, -2.0357067667331017, 9.992333729362153] Score: 9.992333986974547 Runtime: 307ms
[3.6564356802187468, 2.549779779229739, -1.5295747360083183, 1.469888500744912, 1.3962434612021772, -1.907966709688314, 3.501715551418941, -2.3500660858933684, -0.3838256004350653, -2.035446341795763, 9.991278946989345] Score: 9.991278946989345 Runtime: 306ms
[3.6561080429269293, 2.5497559639918705, -1.5293483512022354, 1.4697565801201962, 1.3964563653788968, -1.9077635631961913, 3.5017063446456214, -2.3502091072557842, -0.38415932205266523, -2.0358416239195365, 9.992928323734104] Score: 9.992928323734104 Runtime: 291ms
[3.6560199692662865, 2.549858674765061, -1.5286895001393728, 1.4699054322424154, 1.3959970316116805, -1.9078076863464197, 3.501658230147613, -2.3500108695962774, -0.38396844311815426, -2.0359057866484886, 9.993729019030567] Score: 9.993729019030567 Runtime: 327ms
[3.656396831060375, 2.549872878763762, -1.528684403073169, 1.4698215715225675, 1.3961125532119187, -1.9079865629246744, 3.502008713677654, -2.3498597551184446, -0.38375783564342125, -2.0359528586198237, 9.991261891388826] Score: 9.991261891388826 Runtime: 295ms
[3.656049332130631, 2.549856100264533, -1.5287000103697335, 1.470091091578131, 1.3960316111565585, -1.9076739990165048, 3.5020065234439897, -2.350075860396393, -0.3839755496604184, -2.035960827239723, 9.993433954052582] Score: 9.993433954052582 Runtime: 293ms
[3.6561123369909083, 2.5497391038364006, -1.5292974976072784, 1.4697677045283946, 1.3962489756932757, -1.9075760979715406, 3.501812805798225, -2.3503066840282334, -0.38410978187049954, -2.035950183115756, 9.993128647786008] Score: 9.993128647786008 Runtime: 302ms
[3.656052935048077, 2.5496449280179667, -1.529523330763474, 1.4696436707242737, 1.3962742027551325, -1.9075481734672157, 3.5019376072150186, -2.35036749088574, -0.3839547537285022, -2.035779635940695, 9.994306205872306] Score: 9.994306205872306 Runtime: 313ms
[3.656233499738318, 2.549705365424146, -1.5292784185518147, 1.4696058027761076, 1.3962756119593138, -1.907645265568803, 3.5017172989525553, -2.3500434662399483, -0.38397274907018386, -2.0358297659391185, 9.991235530902502] Score: 9.991235530902502 Runtime: 298ms
[3.6564633214606803, 2.550095419283737, -1.5293281353261399, 1.4698035634561324, 1.396465626268425, -1.9070528169125616, 3.501792688052937, -2.350142369449255, -0.38472769554769753, -2.035408534428783, 9.991271232767403] Score: 9.991271232767403 Runtime: 297ms
[3.6561420436951853, 2.549743844862674, -1.528851131068675, 1.4696446257275326, 1.3960753261360808, -1.9075969469810559, 3.501803699260673, -2.350053579233598, -0.3838126908869196, -2.0358793424447277, 9.992428367947504] Score: 9.992428367947504 Runtime: 318ms
[3.6563492281266554, 2.5499225294242223, -1.5286522921283303, 1.4702087407332283, 1.3960441308370948, -1.9070792408346173, 3.5021168581009188, -2.350306951058728, -0.38437242596735494, -2.035440293351323, 9.990406770294417] Score: 9.990406770294417 Runtime: 290ms
[3.6560970601395057, 2.549781430398824, -1.5295768528393723, 1.4696339831516732, 1.3961194842274283, -1.9079637195489507, 3.5016099302652965, -2.3503706112645224, -0.3839841307581399, -2.0359084887707044, 9.994360454954844] Score: 9.994360454954844 Runtime: 312ms
[3.6564674527226715, 2.549653099878397, -1.5293607403476601, 1.4698729037580671, 1.396297605736541, -1.9070112585996346, 3.502049681705274, -2.350378593593302, -0.38481071579609105, -2.0352524726573176, 9.992280284979822] Score: 9.992280284979822 Runtime: 304ms
[3.656043064459498, 2.5496347374469033, -1.529508692651575, 1.4697655143986426, 1.3961429082295702, -1.907697101154147, 3.501806073489632, -2.3503340768415466, -0.38397307486087073, -2.035804351478269, 9.993603703248318] Score: 9.993603703248318 Runtime: 311ms
[3.6562503939750304, 2.5497709317003645, -1.5293429835360866, 1.4697451237094434, 1.396210448133532, -1.907817615553643, 3.501736958181555, -2.3503675623642173, -0.3840107575261789, -2.03565057252122, 9.993653061035944] Score: 9.993653074077134 Runtime: 292ms
[3.6560631163303356, 2.5497025015188517, -1.52952366354293, 1.4698762288828469, 1.3960295718718068, -1.907760609949113, 3.501747995251172, -2.350180121665257, -0.38410698025403317, -2.0359282655928777, 9.993355373929342] Score: 9.993355373929342 Runtime: 296ms
[3.6566048297566778, 2.5500237849454868, -1.5287244932159956, 1.4699296501256147, 1.396083172834008, -1.9071756561726134, 3.5023423427731233, -2.3502054482170194, -0.384445251629469, -2.035420690195969, 9.991257553181297] Score: 9.991257553181297 Runtime: 297ms
[3.6562366978487906, 2.5497158684297854, -1.529525125718308, 1.4696521300576273, 1.3961888606047752, -1.9077322912163928, 3.5016727704253627, -2.350326655585334, -0.3840901940956198, -2.0358237356200766, 9.994035501769389] Score: 9.994035501769389 Runtime: 297ms
[3.6565855084982486, 2.5501429458278126, -1.5286309395988746, 1.4698783105419735, 1.3963126457178079, -1.9073629624538972, 3.50232525775625, -2.3499583369248542, -0.38439534597052205, -2.035441946879666, 9.98800063956115] Score: 9.98800063956115 Runtime: 310ms
[3.6561711187608403, 2.5498128170237786, -1.5291398659222009, 1.4696699719530937, 1.3960803041833494, -1.90773058580594, 3.501826510626153, -2.3503523359497223, -0.3840971391382913, -2.0358822176971123, 9.993421839794411] Score: 9.993421839794411 Runtime: 301ms
[3.6565937130049053, 2.550077752287489, -1.5285915264307042, 1.4700944602351298, 1.3963175495700262, -1.9071099135094671, 3.502001432308167, -2.3500846380963902, -0.3844153494351839, -2.035495060533912, 9.990012641919643] Score: 9.990012641919643 Runtime: 312ms
[3.656390407556054, 2.5498502689868268, -1.5295534517078806, 1.4699988239432513, 1.3962047115548473, -1.9078177098781017, 3.501770710954448, -2.3499109321971288, -0.38376627131908525, -2.035517746909351, 9.99115116554403] Score: 9.99115116554403 Runtime: 296ms
[3.6564068313758185, 2.5499080693397773, -1.5293799069067224, 1.4697578695451754, 1.396119816257621, -1.9070008906074907, 3.5018824009220704, -2.3503185314222823, -0.3846811674208259, -2.035374548146803, 9.992601452528687] Score: 9.992601452528687 Runtime: 307ms
[3.6561138581968606, 2.5500359098848517, -1.5294179435969397, 1.4696793489326718, 1.39602454898777, -1.9079811539632396, 3.501631048587924, -2.3501469389859695, -0.38443746407897716, -2.035616430441663, 9.991099831106897] Score: 9.991105269387093 Runtime: 335ms
[3.65619672274962, 2.5497205578878592, -1.5294154208200046, 1.4699376704600515, 1.396074836538197, -1.9075455387738118, 3.501692383180361, -2.3502715965899843, -0.3841333961781252, -2.0358010951179377, 9.994417685897513] Score: 9.994417685897563 Runtime: 304ms
[3.656515215258382, 2.550033422124161, -1.5292319004113548, 1.4698848104791626, 1.3964696941401802, -1.907038394183574, 3.501801228756669, -2.3502319581866207, -0.38471831877281015, -2.0352985974707423, 9.992478599266843] Score: 9.992478599266843 Runtime: 310ms
[3.6562173094903003, 2.549847096153017, -1.5293268293441469, 1.4698569830213113, 1.396035476286711, -1.9079011758553848, 3.50184893338678, -2.3503459297691234, -0.38443575478007846, -2.0359248300614206, 9.99388836441145] Score: 9.99388836441145 Runtime: 313ms
[3.6564582468560287, 2.5499550930668407, -1.5291115753343854, 1.4699261629389275, 1.3961518553939511, -1.9069980640041129, 3.5020443258521494, -2.350361016998343, -0.38461188752903624, -2.035415242992084, 9.993299270866284] Score: 9.993299270866284 Runtime: 310ms
[3.6562592069368796, 2.550098225011971, -1.5293097903244959, 1.4698434275827994, 1.396323797624079, -1.907200714816444, 3.502033173675405, -2.350128439278398, -0.384753619486066, -2.035252914928131, 9.987386523578186] Score: 9.987386523578186 Runtime: 303ms
[3.65641014998878, 2.5498842358097846, -1.5292694482965747, 1.4699094335894127, 1.396349942300958, -1.9070084815088673, 3.5021291317771337, -2.3504236418558526, -0.38459055695660904, -2.035267399644891, 9.991473626912985] Score: 9.991473626912985 Runtime: 296ms
[3.656231136199262, 2.5497343324009663, -1.5294624984435008, 1.4697102531179782, 1.396108920568996, -1.9077198443634875, 3.5017591688983694, -2.3503358442059654, -0.38403265179130663, -2.0358103463624833, 9.994599586913823] Score: 9.994599586913823 Runtime: 298ms
[3.6561112619541025, 2.549790916694408, -1.5286506757022755, 1.47004499695411, 1.3960905678246909, -1.907766835355584, 3.5016982214574317, -2.350262187858166, -0.38391137017268434, -2.0359293404144547, 9.991792463336349] Score: 9.991792463336349 Runtime: 311ms
[3.6560755326119874, 2.549706983110523, -1.5294338828095388, 1.46994949199122, 1.3960753772179166, -1.907642972356398, 3.501749819031675, -2.3502909417126787, -0.38416356848245675, -2.035844257242609, 9.995291165430476] Score: 9.995291165430476 Runtime: 293ms
[3.656308839431329, 2.5499953528825823, -1.528657963829974, 1.470279630087158, 1.3962707296624666, -1.9070252966288532, 3.50225001712388, -2.3501986750372734, -0.3844187996799144, -2.0355223905832847, 9.990108177336545] Score: 9.990108177336545 Runtime: 306ms
[3.6563142910568995, 2.5497828813885324, -1.5293753846011768, 1.4696583816540565, 1.3961526855822832, -1.9079977353177475, 3.502151801819736, -2.350237677935636, -0.38396662005049137, -2.0357692501527813, 9.993990176319816] Score: 9.993990176319816 Runtime: 292ms
[3.6561273758504416, 2.5497068876873823, -1.5295841659932368, 1.469816934327548, 1.3960435645615725, -1.9078127622270158, 3.5016979148793324, -2.3503816513738602, -0.3841257767609015, -2.0358052389907155, 9.995343015766755] Score: 9.995343015766755 Runtime: 301ms
[3.6561463652453576, 2.5501030156325486, -1.5293823832409708, 1.469671487109264, 1.3961377440141811, -1.907620923077833, 3.501633625983251, -2.350237410525173, -0.3839682353945139, -2.03571185255323, 9.991014574849476] Score: 9.991014574849476 Runtime: 311ms
[3.708815401813914, 2.9137746958519646, -0.908918384629961, 1.8393423797866288, 1.0490901107232231, -1.8046180647671568, 3.636495249597235, -2.4589813927701734, -0.22923343234121626, -2.399232750240868, 5.727940246271487] Score: 5.727940246271487 Runtime: 304ms
[3.779446881014673, 2.430568377414337, -2.0257093071751435, 1.358810669128697, 1.2334301329915238, -1.7421190705685559, 3.410983896581499, -2.0092862257888324, -0.3184374226037689, -1.79667839698286, 5.806616455435801] Score: 5.806616455435801 Runtime: 302ms
[3.6737352169840034, 2.4314705972987154, -2.005683056526325, 0.924046131092846, 1.44970137793089, -1.8349246978630003, 3.2885695978767173, -2.49910817615876, -0.8038769828192515, -2.053598571342905, 6.0311888909561855] Score: 6.0311888909561855 Runtime: 316ms
[3.3375749472206997, 2.4890362420703314, -1.9036677324368396, 1.776026115310928, 1.6447252143204623, -2.347486713309747, 3.674434413155048, -2.5161570956262005, -0.4538148489124929, -2.3762976128979902, 4.404794868244394] Score: 4.404794868244394 Runtime: 309ms
[3.4508932242414243, 1.8685695451621744, -1.4027984675756502, 1.7813538456267497, 1.3333703328849333, -2.37373720711823, 3.304853934911539, -2.3797308848045233, -1.0470247315027779, -1.6913593860111653, 4.154176386955398] Score: 4.155088595772223 Runtime: 326ms
[3.4043040834502047, 2.747231711546489, -1.3185849954551245, 1.148476717516148, 1.4820883203458948, -2.1838155463337587, 3.4999274441643715, -2.1277946526954237, -0.6046244120433376, -2.384968070209916, 4.273108527614104] Score: 4.273108527614104 Runtime: 303ms
[3.7031862615317848, 2.355204973846956, -1.882279854641805, 1.2509100389577277, 1.4442272661002227, -1.7154976006228306, 3.4995534992467094, -2.3274842348607985, 0.047473172382392036, -1.7278285391201844, 5.4843963582833695] Score: 5.4843963582833695 Runtime: 333ms
[3.449589972960147, 2.4812928431485086, -1.6020079650218417, 1.3225099809227285, 1.50634935982848, -1.8225998114585142, 3.5393272904066, -2.477145833301767, -0.6958896328444498, -2.4818794495838024, 5.749971916855148] Score: 5.749971916855148 Runtime: 321ms
[3.740484249542119, 2.574448190176074, -1.5614555693107905, 1.415086579097404, 1.3579166076746905, -1.874760681229779, 3.5932886210301227, -2.268338237076858, -0.4547643084208091, -1.8361092706596345, 6.793315225539677] Score: 6.793315225539677 Runtime: 310ms
[3.487062248630672, 2.2352862666415394, -1.923323877964236, 1.2881065092812125, 0.8633272262685016, -1.7511376484884964, 3.6994558332700245, -2.1314166967958266, -0.1741486268801589, -1.4416551842644545, 2.8566612024937212] Score: 2.8566612024937212 Runtime: 314ms
[3.485111231858033, 2.6576328336673956, -0.4574043757667411, 2.156064946513837, 1.059151473418831, -1.8859137744705239, 3.6579902283642247, -1.9339112689664177, -0.43057126872499485, -2.504186515125654, 5.444141415039957] Score: 5.444141415039957 Runtime: 308ms
[3.710717108658618, 2.5136866912241813, -1.6183898700369024, 1.5047008414796181, 1.4928963984697956, -1.7676358624898858, 3.2703177134998866, -2.694830041766024, -0.3688104637292794, -1.6903806382295057, 6.463213903376594] Score: 6.463213903376594 Runtime: 316ms
[3.717356441479874, 2.588393467434713, -1.5808136176333054, 1.4726561758002423, 1.4724911891326051, -1.9121565785378145, 3.4592738893268464, -2.2105145184594384, -0.48974223024203384, -1.9128793169725415, 7.310342426884459] Score: 7.310342426884459 Runtime: 328ms
[3.6447742280863884, 2.5024723631510843, -1.5051085896038932, 1.7272237628883973, 1.626662758081124, -2.1368205865446552, 3.4078613086912366, -2.3108138405572687, -0.6664447115627538, -1.8560424778998137, 5.793389651790649] Score: 5.793389651790649 Runtime: 302ms
[3.6929209409351045, 2.6607731805108457, -2.1521079135211094, 0.9810785973657858, 1.0795613137002174, -2.1123959586077232, 3.108888377317658, -2.073163657821898, -0.7660231390293357, -1.6563925057067799, 4.816032006859664] Score: 4.816032006859664 Runtime: 347ms
[3.4745643717078547, 2.4721256285628255, -2.111756199450167, 1.2244285620080926, 1.7940026493613457, -1.734166138455965, 3.4186143174742187, -2.5907320042247814, -0.17223307418676886, -1.9008942940183928, 5.291965963897121] Score: 5.291965963897121 Runtime: 307ms
[3.733514013339833, 2.9224792415751857, -1.2786548441111676, 1.2505957839648598, 1.6144273704392185, -1.8551002980638363, 3.3310016910729447, -2.1446483455080605, -0.17999250501857314, -2.014281856394095, 5.855452688974655] Score: 5.855452688974655 Runtime: 308ms
[3.7404761396349073, 2.508320217939445, -0.8566663338611418, 1.6054235818279035, 1.015209852192275, -1.9656204596319942, 3.1975972158004993, -2.8233060776128576, -0.2919692026618322, -1.697062422123582, 5.667618508959133] Score: 5.667618508959133 Runtime: 308ms
[3.3070368712380263, 2.7847934161699492, -0.9885755039001456, 1.484048608659105, 1.4766850279955808, -1.9721354725797993, 4.152609161811001, -2.2386401856272378, 0.026793069067639765, -2.0022315632384475, 3.9718132551588674] Score: 3.9718132551588674 Runtime: 296ms
[3.6261368504411737, 2.0037416113006694, -3.179996655247099, 0.6839598871632989, 2.5077601757958496, -2.1180742697154566, 3.564485666360482, -3.214901527009527, -1.1881417088148483, -1.7590388234056953, 3.384413880696644] Score: 3.384413880696644 Runtime: 311ms
[3.1749100398328154, 2.5303344211179386, 0.11566194665945827, 2.0217481167997535, 1.1095965516322912, -1.4354167247181766, 4.179106054521955, -1.3332833961767676, 0.15681348031827338, -2.5036609534522825, 4.385360632747024] Score: 4.385360632747024 Runtime: 327ms
[3.162195428868802, 2.5038649523272554, -1.328466826788335, 1.4332387957628032, 1.153074085442909, -1.7836592207532345, 3.4810001395025014, -2.2464472338762516, -0.3415505846271783, -1.8588037384783271, 5.073238641774463] Score: 5.073238641774463 Runtime: 365ms
[3.502739099355363, 2.7386632824589956, -0.8494037065134894, 1.8323456271352523, 1.1417098921304178, -1.9256449489553307, 3.534868158510356, -2.421866915277734, -0.2445981690141787, -2.1069906228636954, 6.514590917517654] Score: 6.514590917517654 Runtime: 329ms
[3.8463475491091743, 2.5751749305324076, -1.1003533165803063, 1.295922674164999, 1.675881160092501, -2.1818300965396795, 3.2969377821975474, -2.4717616515513523, -0.26154908487129797, -1.9291709981709029, 4.85632620697113] Score: 4.85632620697113 Runtime: 296ms
[3.4252913355717323, 2.627929021900775, -0.9900073484454658, 1.4369020884473453, 1.0778706074698592, -1.6867631583326776, 3.6785872110005924, -2.2052355218307373, 0.1645404058969387, -2.230577355778509, 5.236613504284074] Score: 5.236613504284074 Runtime: 321ms
[3.5793643296727335, 2.468947069486904, -1.5824268453856276, 1.5342985545736132, 1.3202890696021614, -2.0340365951113677, 3.466597469256204, -2.5046819638393307, -0.45720428037412414, -1.9370073437846227, 7.135225217733136] Score: 7.135225217733136 Runtime: 308ms
[3.6291706243150736, 3.0453664198552346, -1.7085031372897077, 1.4793295895564185, 1.496261151634118, -1.7281478315688164, 3.8271965215113526, -2.6048065771161353, -0.0018719851858458054, -2.11915078874268, 4.5889719990042686] Score: 4.5889719990042686 Runtime: 295ms
[3.8913685945168166, 2.505194543012022, -1.244607420182843, 1.2841146620225254, 0.902866982153409, -1.8874681988281696, 3.199791841290222, -2.402587092271441, -0.4594249593257128, -1.850353441706514, 7.218612305854784] Score: 7.218612305854784 Runtime: 326ms
[3.658280972395585, 2.6475638848389416, -1.9379109187316805, 0.8998966636831462, 1.4260299065540571, -1.6058148432550983, 3.4909251781317523, -2.2381078682110727, -1.188989812676616, -2.3596902025398774, 3.8319046407805923] Score: 3.8319046407805923 Runtime: 309ms
[3.586735863882377, 2.5220304958828406, -1.5535098174268476, 1.230972659519197, 1.626314623988232, -1.987749397456546, 3.2894650444744977, -2.1903729250484063, -0.5066589075850542, -1.9440899445658246, 4.937599481628716] Score: 4.937599481628716 Runtime: 311ms
[3.4146084060839783, 2.5696193514447923, -1.0931194562983608, 1.2170999560787787, 1.5017552742596278, -1.7999516524995463, 3.591380007144823, -2.525442904459891, -0.6070124591290486, -2.2000297986878925, 6.2530670642298745] Score: 6.2530670642298745 Runtime: 322ms
[3.7874178434117116, 2.6963434469499012, -2.018421668088243, 1.6063536957837634, 1.3156658040545797, -2.3191220249813735, 3.1940948567934697, -3.067686570495715, -0.5386788268088345, -1.6852062056822028, 4.299854029570499] Score: 4.299854029570499 Runtime: 301ms
[3.5683793454672252, 2.3192415406839575, -1.0881045961010742, 1.5000611628437153, 1.117743094322269, -2.135296531929077, 3.3511462086175254, -2.0046449925768424, -0.2230945886495469, -2.2185428112440237, 5.477402387480931] Score: 5.477402387480931 Runtime: 327ms
[3.8559489991491374, 2.7548036584269715, -1.3161007458618375, 1.5431725456768237, 1.783703428408999, -2.253755588872542, 3.251851478530004, -2.2008133110070442, -0.5862480268076364, -1.9997914228752194, 5.6864259049722365] Score: 5.6864259049722365 Runtime: 309ms
[3.3951959224877037, 2.2591432769228454, -1.1651649480551656, 0.9967726215694899, 1.2400139460470718, -1.5415534060645049, 3.425465988015317, -1.8890858023992012, 0.47497665699832997, -2.1633649715479515, 5.026482416571065] Score: 5.0264826083403875 Runtime: 342ms
[3.686380175340556, 2.5059617778029604, -1.7364334077111292, 1.4339024567232161, 1.5975490302668771, -1.9475683725959951, 3.108108943821679, -2.869808786379103, -0.356978607941007, -1.5610635609324388, 4.726428562705067] Score: 4.726428562705067 Runtime: 321ms
[3.758599380392703, 2.4964292417692793, -2.2164734812091686, 1.199543416933735, 1.4917292028074074, -2.096513229718206, 3.3138274075303724, -2.307082986121193, -0.45127899549765604, -1.831239737225776, 5.087001252264994] Score: 5.087001252264994 Runtime: 322ms
[2.827461577232578, 2.321104223117236, -1.5600621751102293, 1.7745264026985168, 1.271217032668987, -1.236249928216563, 3.4156316652136844, -2.768961610133386, -0.6761478485340613, -2.1104167969254064, 3.747751123584764] Score: 3.747751123584764 Runtime: 310ms
[3.963422313207288, 2.37482999962965, -1.4430796073635939, 1.5484083840635023, 1.3248434881607898, -1.9087097260488168, 3.3679936344144283, -2.35186553867898, -0.24006094011833265, -2.283774692461423, 7.043493615267891] Score: 7.043493615267891 Runtime: 301ms
[3.555178341646725, 2.4235562005382727, -1.774924668895141, 1.365326537266461, 1.2714836704867232, -1.9890618219147478, 3.5740127136927606, -2.3864023080936683, -0.5381691225088281, -1.8711947588686486, 6.736208361841954] Score: 6.736208361841954 Runtime: 320ms
[4.004421699119516, 2.553457368873246, -1.7802970489982515, 1.417429020057609, 0.9203559859422562, -2.1517604601231244, 3.531920714074904, -1.9875754164558033, -0.16896378655157718, -1.6940574134947346, 5.714298160924599] Score: 5.714298160924599 Runtime: 318ms
[3.7560451686889005, 2.483363158384813, -1.9392802438948014, 1.3435904575488378, 1.626366695048352, -1.9747220402809813, 3.3880287352567326, -2.4262546463845096, -0.5177286287388363, -1.9503601239705126, 6.98374482801851] Score: 6.98374482801851 Runtime: 299ms
[3.3875597091340666, 2.40518337228505, -2.0289848946976217, 2.1697228826459245, 1.1796385229589734, -1.9159848274490756, 3.182981303006761, -1.8128287811610782, 0.2570909477251783, -1.5658070232721668, 4.033922839321964] Score: 4.040581904703443 Runtime: 343ms
[3.483140266004324, 2.036399339682642, -1.0642066577636582, 0.6133123786178358, 1.4626454038431858, -0.9763616452902885, 3.413333688856067, -1.8036379460586789, -0.14618303492552973, -2.5838347704405455, 3.1022532087466343] Score: 3.1022532087466343 Runtime: 334ms
[3.595660718386024, 2.478511668804919, -2.345616068709674, 0.8982736728383487, 1.4103108641625286, -2.054406810755402, 3.268240487203401, -2.4163212454899146, -0.591667174802926, -1.6853746082567262, 5.333704408890101] Score: 5.333704408890101 Runtime: 322ms
[3.555528816781536, 2.492323566866673, -1.3035582201421436, 1.494819343117525, 1.2719272293443729, -1.9293154796997825, 3.453489786960177, -2.558997572873497, -0.3136965611596725, -1.8604822072058005, 6.739271229570778] Score: 6.739271229570778 Runtime: 318ms
[3.659186024348075, 2.547890179793144, -1.5559360288876407, 1.459202231862587, 1.4026259143276096, -1.9097079572903404, 3.4975019312700972, -2.3589919694541477, -0.3905736322837494, -2.031072991655816, 9.991945777976008] Score: 9.992024968940903 Runtime: 322ms
[3.6300011283228164, 2.559911556085472, -1.301010668955692, 1.5523283232921887, 1.332674502653764, -1.8861359041215033, 3.536082646052047, -2.281818890999056, -0.33208600357321594, -2.075254246333193, 9.952630973350116] Score: 9.952636545089334 Runtime: 342ms
[3.643701422476428, 2.5452562125022564, -1.5253495780797948, 1.4767435711180346, 1.4142601072068173, -1.9081021189953735, 3.5109647019004, -2.363394321663751, -0.37439006996304836, -2.0341393871112166, 9.975155590668548] Score: 9.977074524075476 Runtime: 317ms
[3.6951351075875607, 2.5264610082939694, -1.8277542271119127, 1.3460185631059571, 1.467951274394075, -1.9254883991736134, 3.451206320102316, -2.445405851889578, -0.4614371725447455, -1.979516661730298, 9.924287955451128] Score: 9.92438227250825 Runtime: 328ms
[3.6556213216829465, 2.5500139369615873, -1.5236721564681195, 1.4716255132375464, 1.3938952820492696, -1.9075031664022972, 3.502223393901427, -2.3480666027328048, -0.38279350000206114, -2.0371054585432167, 9.997274352762803] Score: 9.997283231661127 Runtime: 332ms
[3.6559806994793203, 2.5496092198156735, -1.529426967649622, 1.469665799837178, 1.3959551416982054, -1.9079875331058624, 3.5016248653460793, -2.350342767612264, -0.3839573818298503, -2.036030929093103, 9.999956503719918] Score: 9.999956573115202 Runtime: 315ms
[3.6559993793901637, 2.5495983272176588, -1.529599854650992, 1.4695954022868374, 1.3960010661836604, -1.9079955846994727, 3.5016001054654597, -2.350398239042922, -0.38399571222773143, -2.035999674698423, 9.999995156030682] Score: 9.99999515635707 Runtime: 318ms
[3.661324965357749, 2.550015241579053, -1.5317486558271516, 1.4642309002175957, 1.3859827168791499, -1.9073919911007984, 3.4957791805673857, -2.3450571332353114, -0.388291575171127, -2.035152526501527, 9.982773538194664] Score: 9.982999359597823 Runtime: 333ms
[3.6182233579752197, 2.5635652473308546, -1.2081803007919472, 1.586339545368622, 1.3070144806311275, -1.8765647734777466, 3.550937767307709, -2.255715453821196, -0.31119999772867707, -2.091189238608153, 9.919966841292714] Score: 9.922747321424659 Runtime: 316ms
[3.623652109541535, 2.566864770004851, -1.2032791169602728, 1.5861004664180767, 1.2947594416412607, -1.8759868220118312, 3.5482400885686216, -2.244309682716045, -0.31553229316926507, -2.0947727019722873, 9.892260957467077] Score: 9.89248207978813 Runtime: 334ms
[3.649682292529502, 2.5404830978482, -1.5285435727656247, 1.449681985283627, 1.400463493895309, -1.8885437858968617, 3.502470235378132, -2.343644784083633, -0.366059820265897, -2.0334721774189477, 9.980557001524826] Score: 9.980611570999923 Runtime: 335ms
[3.656000018044365, 2.5496000136826464, -1.5295999926833865, 1.4696000112465717, 1.3960000101958259, -1.9079999561688223, 3.5016000158336875, -2.3504000032322523, -0.3840000290192827, -2.0359999734283187, 9.999999869045382] Score: 9.999999869102776 Runtime: 319ms
[3.6559946780075663, 2.5496020065078677, -1.5296210201281446, 1.4695895229556726, 1.3960046330496876, -1.9080032044375375, 3.501597954638155, -2.350404986565138, -0.3840068660492462, -2.035990579595711, 9.999949229842315] Score: 9.999950194559796 Runtime: 325ms
[3.656300903527169, 2.5494487815374605, -1.5322000795415427, 1.4685855922043434, 1.396666335674023, -1.9081768723818069, 3.501213779664947, -2.351260139698356, -0.3846505738122314, -2.0355276650497243, 9.999447905403887] Score: 9.999448102823173 Runtime: 352ms
[3.6559981950034772, 2.5496030202128352, -1.529580362218554, 1.469613136266191, 1.3959939000876764, -1.9080037213380996, 3.5016029360004284, -2.3503954734221373, -0.3840001448593449, -2.0360041268905644, 9.999960577327547] Score: 9.999968191575563 Runtime: 325ms
[3.6775881365403302, 2.540182911750895, -1.6610222347893162, 1.4114929186269345, 1.4182877019745268, -1.9150319783561198, 3.475197104404967, -2.3858962509166277, -0.42152112711416123, -2.0114113437880445, 9.941807465548099] Score: 9.94317290391846 Runtime: 350ms
[3.655996706269333, 2.5495971415602265, -1.5296170337378248, 1.469597345663466, 1.3960150960262319, -1.9080021231366115, 3.5016021051601114, -2.3504136997342213, -0.3839999978069357, -2.0359957189186195, 9.999978198772721] Score: 9.99997824108872 Runtime: 304ms
[3.6559805514285704, 2.5496093797948363, -1.5294246952746633, 1.469666585076951, 1.3959543385836515, -1.9079873499946296, 3.5016251007834303, -2.350341858052252, -0.38395690847202835, -2.0360313585230236, 9.999955846098127] Score: 9.999955853477774 Runtime: 313ms
[3.65042197340087, 2.5521866258242754, -1.4775460009607417, 1.4885216137583468, 1.3817705822517656, -1.9034842846659057, 3.5091163662804723, -2.333925422372582, -0.37189298539748655, -2.0450193025886483, 9.988602089473858] Score: 9.988631846830659 Runtime: 314ms
[3.6751051158623262, 2.5348547778104886, -1.7244055208451516, 1.3944589626904236, 1.4550365931652078, -1.9209950535374873, 3.475193901779577, -2.420760118096728, -0.4301521216297595, -1.9991525441717328, 9.923610545768378] Score: 9.923794536572386 Runtime: 310ms
[3.6532984979295615, 2.548733384259778, -1.5278663853938412, 1.4716666477805567, 1.4000094260434932, -1.9080818264374935, 3.503822284284021, -2.353160630408488, -0.38168276988215716, -2.0357434254702214, 9.994554557785802] Score: 9.994583926060526 Runtime: 335ms
[3.6597232697382056, 2.5492628819923953, -1.5423140924315843, 1.4627137101604397, 1.3944671376400368, -1.9083765182275847, 3.4976228625696755, -2.350988076384309, -0.3890492578180562, -2.0340293693938944, 9.991745209225247] Score: 9.991813615424759 Runtime: 335ms
[3.7362858344890215, 2.500229741597688, -2.1426118875955336, 1.2157288602349285, 1.5452108514953145, -1.9432401060352698, 3.397780019142396, -2.5464701851670157, -0.5426447127416795, -1.9188479853535447, 9.854376376166258] Score: 9.85468868690324 Runtime: 310ms
[3.6559994008758614, 2.5495985563527532, -1.5295993855623389, 1.4695961437371692, 1.3960008122655179, -1.9079960835937082, 3.501600162947205, -2.350398289273936, -0.38399610830081937, -2.035999802121295, 9.999993057468043] Score: 9.999993134324917 Runtime: 339ms
[3.747871926782575, 2.4975148466033232, -2.1436903680966113, 1.2041870386550082, 1.5257537939017827, -1.942613292155081, 3.3828951550235047, -2.542813766836867, -0.548002798553539, -1.9123732063181136, 9.75344492763775] Score: 9.758179892635043 Runtime: 327ms
[3.6560003675421724, 2.5496016114853997, -1.5295996768370115, 1.4696048038095195, 1.3959990856668059, -1.9080043136881422, 3.50160009047317, -2.3504017406245614, -0.38400402220976515, -2.0360003967057776, 9.999989695083983] Score: 9.999990008627691 Runtime: 328ms
[3.656013387982554, 2.549597168765181, -1.5296580758414615, 1.4696856030158427, 1.3959782123124955, -1.9080042627678817, 3.501578814722486, -2.3503534822243046, -0.38391832612906096, -2.035937677255303, 9.999692110741927] Score: 9.999704545569724 Runtime: 317ms
[3.7370355386441645, 2.547992055043609, -1.6100921396216301, 1.372134419440074, 1.2533249816962435, -1.8971034624577696, 3.416778653675352, -2.2588863194447115, -0.46604629474915343, -2.0247918346320493, 9.781606081031715] Score: 9.785990563082853 Runtime: 331ms
[3.6310417746671146, 2.559603280968994, -1.3090828655516773, 1.5493675156988058, 1.3348309091628672, -1.8869588395938626, 3.5347733839771553, -2.2840622531805876, -0.33393889454413406, -2.0738824104459566, 9.955375034684984] Score: 9.955391874697622 Runtime: 331ms
[3.536413460571663, 2.6440118643514476, -0.1032651357945985, 1.9890820947187482, 0.8337666396066119, -1.7657335863088346, 3.6774199557450737, -1.8403593687965223, -0.13939210002632765, -2.3149890360725793, 9.422954471935906] Score: 9.423349584491936 Runtime: 325ms
[3.656177761307806, 2.5495209971536203, -1.5294995292768097, 1.4693960299180424, 1.39576161574172, -1.9080518961856991, 3.501211672736306, -2.350828627519392, -0.3839538310413092, -2.035620885622161, 9.998869689384748] Score: 9.998897313779143 Runtime: 341ms
[3.65262639161477, 2.550801565957613, -1.501698145265546, 1.4798029182032397, 1.3891146625351767, -1.9055192934895737, 3.5058911433521347, -2.341857242604329, -0.37698515346788847, -2.0407513794166285, 9.989065017444961] Score: 9.989143402239284 Runtime: 315ms
[3.6563499000370117, 2.5494739706898715, -1.532079983208575, 1.4685830483395952, 1.3965052853884783, -1.908156334480609, 3.501175335626016, -2.3511222768984763, -0.384671168983639, -2.035561909828939, 9.999024636648453] Score: 9.999034316116092 Runtime: 325ms
[3.661633818593512, 2.5536335468658122, -1.4919141963469658, 1.475466638594954, 1.36432568858981, -1.9033493743752725, 3.497311965712387, -2.3245416824241256, -0.383243703521338, -2.0430043404686153, 9.957763317490167] Score: 9.957943396571114 Runtime: 333ms
[3.6443852860098285, 2.532819186989322, -1.5278699071357642, 1.4358453463778114, 1.403854074144359, -1.8748339878012619, 3.5034200354331713, -2.338294773343727, -0.35403559638302595, -2.031475036844712, 9.950369480014183] Score: 9.95184788871333 Runtime: 324ms
[3.6112838179127555, 2.561342941081223, -1.2018486883621808, 1.5909718536273687, 1.3147564742425628, -1.8758481323436147, 3.556460595582998, -2.260742575274907, -0.3052366186919835, -2.090913532430257, 9.90847851705292] Score: 9.908502495137213 Runtime: 311ms
[3.6553994978852584, 2.545904344412228, -1.529176845460443, 1.466888762335501, 1.3969210475575844, -1.9057088203283015, 3.5015663473874974, -2.348581516459547, -0.3823261085904269, -2.0348811102530484, 9.991941329553004] Score: 9.991959126205451 Runtime: 339ms
[3.65965954741638, 2.5492744613817204, -1.542005341777905, 1.4628687121058528, 1.3944355328667775, -1.9083587175431127, 3.497706038011967, -2.3509287615568213, -0.3889483339299505, -2.0340937931700704, 9.989537037286414] Score: 9.99035966448049 Runtime: 343ms
[3.660954079830017, 2.5503696802839513, -1.5328398909307626, 1.4644535254226256, 1.3866579792798266, -1.9072529449438094, 3.496831879848071, -2.3438186476628946, -0.388762151209746, -2.036154621332672, 9.985337762862512] Score: 9.986698986879183 Runtime: 346ms
[3.540519388127115, 2.5846844200346486, -0.650655709069509, 1.7981700081864598, 1.148060309899677, -1.8183075280923842, 3.6425789450442347, -2.1021569983699795, -0.1876835715431868, -2.1902170100900036, 9.80518462238936] Score: 9.805282547753 Runtime: 317ms
[3.6560025959628573, 2.5495987139631997, -1.5296233654882128, 1.4695910530247003, 1.3960061171659641, -1.9080016404845774, 3.5015966597866703, -2.3504078329675293, -0.3840057639447303, -2.0359957801332613, 9.99999378378107] Score: 9.999993790443048 Runtime: 310ms
[3.6986393442645786, 2.8137335492901236, -1.5357343681117062, 2.2029182610815807, 1.1728270330824, -2.581683885219811, 3.462747602464783, -2.6516009984867246, -1.1057565543246155, -2.088059203227318, 9.289608078689529] Score: 9.29045181587678 Runtime: 310ms
[3.5527256264787628, 2.6197744904758964, -0.4620222229866614, 1.859069932630269, 1.008445386423114, -1.7944808137375718, 3.667330057991756, -1.9466958436144464, -0.1911764199210324, -2.265047523421424, 8.968586127611484] Score: 9.22651047278234 Runtime: 329ms
[3.656028397124012, 2.549583079191038, -1.5295441190831909, 1.4695729398388115, 1.3959554258786064, -1.908011331497049, 3.501525323841115, -2.3504992497621475, -0.38397420583612624, -2.0359183625362998, 9.999842168547534] Score: 9.999842168579475 Runtime: 317ms
[3.639253754092257, 2.555764183169211, -1.3880833103203438, 1.5212595904626487, 1.3588075567021396, -1.8948860657538478, 3.523522684302532, -2.30819995284719, -0.35078377593842275, -2.0601978602457964, 9.949932917205595] Score: 9.965445714048855 Runtime: 314ms
[3.6631992048496818, 2.5469122063499507, -1.5776472282787362, 1.4500512659252243, 1.4065489365962969, -1.909613593189295, 3.4936348800243664, -2.3649775548915923, -0.39753180476919203, -2.026979355996452, 9.9484094039808] Score: 9.991128357415903 Runtime: 322ms
[3.655225425810438, 2.5499096366018454, -1.5231223814158594, 1.4720526889170307, 1.3944173788199714, -1.9075019887233113, 3.5025858807304022, -2.3483896694054796, -0.38238572431611056, -2.037123525118006, 9.998203386123974] Score: 9.99820353515514 Runtime: 313ms
[3.659545659255255, 2.5492984949276725, -1.5415832808473333, 1.4630832471119792, 1.3944759137395268, -1.9083489555974174, 3.497820098520893, -2.3508947300546836, -0.3887895831544034, -2.03415221229791, 9.991433227705471] Score: 9.991582108773827 Runtime: 318ms
[3.6543332323871653, 2.546928103142228, -1.5293073336890473, 1.4633573074845525, 1.3974157156788591, -1.901933705639382, 3.5018431564606503, -2.348212456126871, -0.3783169741398675, -2.0353137912772485, 9.994127940866145] Score: 9.994129689478635 Runtime: 323ms
[3.2086284163017664, 2.493504799640546, -1.10849529614464, 1.8908872531846663, 1.8778278431516695, -1.8509157349107845, 3.991116167817693, -2.310847921032816, -0.0796418334837132, -2.2599345780320763, 8.735910784131022] Score: 8.745730131025857 Runtime: 306ms
[3.7310868309868703, 2.481254961152129, -2.361792409612081, 1.1528593593008392, 1.6643054203948886, -1.9640363205657314, 3.3930628032105252, -2.6651710762042042, -0.5748799988624665, -1.873741463596195, 9.684209467664825] Score: 9.690352239680095 Runtime: 348ms
[3.6575528113761213, 2.5494607841679313, -1.5354801486740368, 1.4665823337912234, 1.3956617780857672, -1.9082187319634634, 3.499928102440431, -2.35095464739005, -0.38619160704309635, -2.035083381596887, 9.99626792540081] Score: 9.996300214304286 Runtime: 321ms
[3.656118893315512, 2.5629707353589546, -1.400106531613116, 1.5069616131083476, 1.325911780476362, -1.8937138536397335, 3.5103603414750246, -2.2797782520914476, -0.3692586705461229, -2.0650567996647036, 9.903350999081127] Score: 9.906795230458787 Runtime: 352ms
[3.6567078836285973, 2.565945076570081, -1.5294237623220452, 1.515030228262967, 1.3823827944692089, -1.9491637288434638, 3.4963100826147904, -2.3694501650679203, -0.42849671639965015, -2.0393162749042166, 9.955562795833698] Score: 9.95556516253206 Runtime: 304ms
[3.6518684136549013, 2.550666741480392, -1.5006143499222655, 1.4807494799147485, 1.3899511914376297, -1.905640250638693, 3.506575989599418, -2.3424457372165546, -0.3763967404468802, -2.040814965458575, 9.990309630678983] Score: 9.990418531466982 Runtime: 311ms
[3.656026866114059, 2.5495892902117627, -1.5297691559202211, 1.4695262674397598, 1.3960331711367353, -1.9080130854572388, 3.5015623741492563, -2.3504654719668707, -0.3840430950563221, -2.035958915095223, 9.99985711248427] Score: 9.999868224534165 Runtime: 322ms
[3.65753756591893, 2.5487461164480996, -1.5431036528722142, 1.4643068766751979, 1.3995626267664818, -1.9089067369969193, 3.4995982511418546, -2.354939879823502, -0.38735544763848434, -2.033514435700658, 9.996460770686786] Score: 9.996465331290933 Runtime: 309ms
[3.659208146836194, 2.547867905575477, -1.5563482785536649, 1.4589402858228042, 1.4027909102786922, -1.9097458032229369, 3.4974637101981494, -2.3591930158356056, -0.39077044703039354, -2.0310697592479827, 9.993589997532332] Score: 9.993621197442092 Runtime: 337ms
[3.2098487324950282, 2.507620060846336, -0.09597951998494543, 2.150516463839976, 1.4376020720523683, -1.7820383576604883, 3.9391191040145888, -2.2697997700420705, 0.13544433264890376, -2.2348259686791505, 9.178440786476052] Score: 9.178646155537267 Runtime: 319ms
[3.6528449468943105, 2.551045810180798, -1.500627664863319, 1.4802251120717844, 1.3882495821945755, -1.9055750217685623, 3.5058005312248004, -2.3411943844562457, -0.3771456197513437, -2.0410310045755633, 9.994007506905598] Score: 9.994015961383912 Runtime: 330ms
[3.6760555026055948, 2.543716265006298, -1.6066148504429378, 1.428667233162606, 1.39465170969768, -1.91133474143032, 3.4775722410704804, -2.364875665902078, -0.41050060811294486, -2.0194232769477387, 9.93675019199099] Score: 9.938068987325506 Runtime: 315ms
[3.65410119543308, 2.548585293007662, -1.5228330480635153, 1.469133643773338, 1.3955902883015416, -1.9045029955469708, 3.5029750347717554, -2.347501921375046, -0.37920731812027814, -2.036800647679207, 9.98909770774571] Score: 9.989149568186896 Runtime: 323ms
[3.6549794990458673, 2.5498112785406946, -1.523149659566342, 1.472188641789776, 1.39488552295894, -1.9075261390388918, 3.502786065629689, -2.348737389199101, -0.38219463176792884, -2.037062391432216, 9.997170121932726] Score: 9.99741803621685 Runtime: 308ms
[3.65683934325076, 2.5434137546197784, -1.528971846033269, 1.4688259559694041, 1.3969190765205832, -1.9075311057866968, 3.501187460270094, -2.3484722404101666, -0.3845597801224782, -2.0347562547986864, 9.982639327107126] Score: 9.98271760782833 Runtime: 313ms
[3.5856559821358625, 2.5645357438976437, -1.0543391160664075, 1.6478256959598532, 1.2827012187527687, -1.8602432900528578, 3.584899946426168, -2.226207393026621, -0.2678100953375052, -2.1152561326178865, 9.852630505493302] Score: 9.853080821724895 Runtime: 309ms
[3.656145600926059, 2.550204777956104, -1.5236960486625923, 1.4712052300794187, 1.3927370544649804, -1.9074082077616497, 3.501749081565782, -2.347200794895463, -0.3832552246598029, -2.037219837192848, 9.996446851482817] Score: 9.996449627795986 Runtime: 317ms
[3.6569311030631377, 2.549235834183581, -1.5312658192238142, 1.4680746998357248, 1.3954523689331069, -1.908265629606155, 3.4999507023467196, -2.3521081410972267, -0.384465444329463, -2.03450392101436, 9.994979969936194] Score: 9.995057071900044 Runtime: 317ms
[3.6560120574896344, 2.549589334338642, -1.5297875931284544, 1.4695367647076192, 1.396063470540408, -1.908012734610638, 3.5015855370547335, -2.350460987637673, -0.38404291818844943, -2.0359731158384635, 9.999879414667774] Score: 9.999879957069833 Runtime: 314ms
[3.6179900752326084, 2.5639081626878872, -1.2034894967151877, 1.5879337288234667, 1.3051012796377448, -1.8760846402040374, 3.551425294417781, -2.253961616563138, -0.31043619238251025, -2.0920842557058172, 9.936132372066933] Score: 9.936143617278802 Runtime: 317ms
[3.5865513005841008, 2.5644097318567995, -1.0592898437174034, 1.6458574236326051, 1.2837615077868054, -1.8607792661816605, 3.5838571436011364, -2.2274878989871354, -0.26905093744802816, -2.114342693289582, 9.857148376346183] Score: 9.857830823199587 Runtime: 324ms
[3.568043275666471, 2.542619410978351, -1.530174030569549, 1.5018045701270866, 1.3980143965686331, -1.8644743143161249, 3.432821399931025, -2.3632760589542823, -0.4026900612086692, -2.0438567542275425, 9.47478339619224] Score: 9.514127170713087 Runtime: 331ms
[3.6584389321675355, 2.54892741351587, -1.5432241121399044, 1.463527025717977, 1.397734396960051, -1.908728338433568, 3.4987650335841978, -2.353581845061477, -0.38810718608257855, -2.033639929357892, 9.993988850911288] Score: 9.994026309976018 Runtime: 328ms
[3.656389812243935, 2.5493224512752515, -1.5288229654770604, 1.4692221506971361, 1.395346705930291, -1.908139736115859, 3.5005360652090634, -2.351773940848179, -0.38366014232207873, -2.0348659732058927, 9.997665833982047] Score: 9.99767654543453 Runtime: 322ms
[3.656007837008896, 2.549596689028628, -1.5296002695268895, 1.4696024354357449, 1.3960010792995838, -1.9079982296281623, 3.5015990477099743, -2.350402309314989, -0.38399828985658313, -2.0360057415119828, 9.999980154288883] Score: 9.999980184979993 Runtime: 321ms
[3.6190350856458458, 2.532348456628191, -1.3867521555061162, 1.468993863112338, 1.3726356338634476, -1.8450407413299506, 3.5276792990434376, -2.288875241182326, -0.3015736643507401, -2.0533035827467714, 9.832292647227362] Score: 9.834843644932109 Runtime: 325ms
[3.6814777515130337, 2.534432293873998, -1.7305924406560136, 1.3871727003877916, 1.4459655316436058, -1.9201470873986854, 3.4686081796063424, -2.4155473476364318, -0.4356210430121547, -1.9980708134302256, 9.955804317899132] Score: 9.955946007040223 Runtime: 310ms
[3.6559789641486975, 2.5496100688734287, -1.5294111433861326, 1.4696717806709918, 1.3959509826734848, -1.9079863757756266, 3.501627118047265, -2.350337508390079, -0.3839535145243551, -2.036033756628806, 9.999958973840357] Score: 9.999959242079038 Runtime: 332ms
[3.6003339419876044, 2.569186979870265, -1.0681280351765015, 1.638055983185092, 1.2668620366555996, -1.8619239408959618, 3.5732257050740106, -2.2161294189085736, -0.28037022668517764, -2.115632930844897, 9.90174505246269] Score: 9.901803676281599 Runtime: 330ms
[3.7400777348671603, 2.50077474056369, -2.13829426278203, 1.213869603775527, 1.5351531136607646, -1.9419150706190564, 3.3943635615778667, -2.5383387885900026, -0.5448847774252563, -1.9200719695312198, 9.826329860217607] Score: 9.826373832714758 Runtime: 331ms
[3.655388403676856, 2.549166592919828, -1.527036002530728, 1.4691095096357658, 1.3956968275098152, -1.9064280225725345, 3.5020213089592946, -2.3490448675798916, -0.38203746546334366, -2.036312703155118, 9.996467937339803] Score: 9.996476157059256 Runtime: 334ms
[3.6553231149423233, 2.5495655238422694, -1.527643622749308, 1.4665406017337792, 1.3966008656948619, -1.9078898928544044, 3.5020427323786567, -2.351990537712035, -0.3866192185518101, -2.0382859966599858, 9.993553562602193] Score: 9.993561054074702 Runtime: 348ms
[3.628943142782466, 2.5566072448589137, -1.3097242156219409, 1.5423121653071656, 1.3373346841452995, -1.8808479644986296, 3.5359734905473967, -2.2818554756275375, -0.3273330946831311, -2.0729582083378815, 9.921500212140712] Score: 9.921740093955325 Runtime: 332ms
[3.6518566996503408, 2.5558955969065167, -1.4447784352249204, 1.49727098826396, 1.36250566333165, -1.9000101065453077, 3.5098592923057916, -2.316375981949414, -0.3688552472120402, -2.051825948371284, 9.96449584830388] Score: 9.964650536731881 Runtime: 352ms
[3.659488400353589, 2.5479146945445925, -1.5563522304259536, 1.458703494639506, 1.402224304270567, -1.9096810896158218, 3.4972041915663596, -2.3587692947699264, -0.39098754444478057, -2.031110411097709, 9.991415104787155] Score: 9.991681987662753 Runtime: 346ms
[3.457191547416895, 2.6537068516582933, -1.8997107640260327, 1.64315086186794, 1.6564134072922259, -1.8053075878704852, 3.9773527798574047, -1.6908064702736332, -0.5769635034107549, -2.5275042767952156, 9.007190545518585] Score: 9.014595860015014 Runtime: 325ms
[3.6559160371815587, 2.5573055677710723, -1.4483939812764448, 1.4929449822620235, 1.3540984006381254, -1.8995389130584601, 3.5061558342470858, -2.309751577336769, -0.37342880360358754, -2.0525128953615868, 9.948499529317125] Score: 9.95040099137227 Runtime: 363ms
[3.6498466018667015, 2.519139175900335, -1.606084245858967, 1.3854761997012761, 1.4265441968495038, -1.8620387437475234, 3.490060025959733, -2.3584877894186826, -0.3586891746219632, -2.0138674378894694, 9.886570809622206] Score: 9.886948798037352 Runtime: 333ms
[3.8514132836396797, 2.4286208615067433, -3.054961729063372, 0.848499511023218, 1.7724220622051405, -1.9953425169229582, 3.248558043322801, -2.8412873622411396, -0.7743819654557242, -1.7437804252246691, 9.679173679895959] Score: 9.67938907166575 Runtime: 311ms
[3.681804366958474, 2.534233480344993, -1.7325673711088532, 1.3862730021883063, 1.4463573982002338, -1.9202724001098197, 3.4681572313654776, -2.4162562998536696, -0.43613716786682627, -1.997600664885959, 9.95198129968768] Score: 9.9520264384182 Runtime: 319ms
[3.6497590972769585, 2.5406800226704997, -1.5285658668511548, 1.4499215639913983, 1.4004022495204473, -1.8887731441621445, 3.5024653593729043, -2.3437471411698683, -0.3662539278655182, -2.0335266008011703, 9.98183342715005] Score: 9.981898980800267 Runtime: 330ms
[3.6560273796857357, 2.5496349511698755, -1.52957761902747, 1.4695890140440075, 1.3960662677766094, -1.9080248407543816, 3.5015529698370895, -2.350364575921395, -0.3840001713730198, -2.0359898192594703, 9.999830877851672] Score: 9.999830887706366 Runtime: 313ms
[3.632258561630439, 2.5423255775162543, -1.508520820609233, 1.4865214594955163, 1.4240793296730287, -1.906577205528386, 3.5201206244567604, -2.3685716022504337, -0.3636437952073951, -2.034999494700067, 9.953546715722283] Score: 9.956075749167962 Runtime: 323ms
[3.616266614178944, 2.5624981830862423, -1.1988435534311288, 1.5859794035943091, 1.3050185421964788, -1.8722991456591693, 3.552895503934194, -2.251368879895109, -0.3057946318142114, -2.092453488045205, 9.903664457750994] Score: 9.905049789915845 Runtime: 315ms
[3.6559131374263516, 2.549641921334565, -1.5288112733981045, 1.4698976777102808, 1.3957935648116226, -1.9079418180976049, 3.501712779115244, -2.35013951507591, -0.38380725644791175, -2.0361404089521504, 9.999809678187553] Score: 9.999810750476655 Runtime: 331ms
[3.5097574555952327, 2.5991040879368628, -0.385440046755758, 1.8998931172501305, 1.0525332931597289, -1.791213796367978, 3.6801806599159814, -2.016309907348175, -0.13747990288984918, -2.2420110808099993, 9.685273479987151] Score: 9.686040770131058 Runtime: 323ms
[3.6564194389646545, 2.549562690397593, -1.5294696223206843, 1.469514928166247, 1.3957516136515267, -1.9082729293046847, 3.5016148378581864, -2.350712647197994, -0.38361955239504025, -2.035356543346835, 9.996605955496078] Score: 9.99668361180332 Runtime: 315ms
[3.6325887566197426, 2.5419608520098196, -1.5140767768647545, 1.4846492747809898, 1.4260653726049581, -1.9070685572505242, 3.51949390142414, -2.3707096258705236, -0.3647839467240298, -2.033972422007479, 9.95539078051279] Score: 9.957179117931995 Runtime: 356ms
[3.6157453656747673, 2.494009345042078, -1.5229577223114843, 1.3553516464448128, 1.4203634602537398, -1.7954055832662987, 3.5057912178870776, -2.312339925116461, -0.2829350074166417, -2.0191568335162393, 9.908164976141808] Score: 9.908469542847607 Runtime: 335ms
[3.647219884701899, 2.5543170951056555, -1.4400684421284309, 1.5015606142076912, 1.3697253669748197, -1.899929907595016, 3.5139684277469962, -2.32128869205662, -0.3641180166208008, -2.0516580923318113, 9.976077874622785] Score: 9.976291131360286 Runtime: 319ms
[3.656073705812816, 2.5495556398676227, -1.530330603587888, 1.4693245887639186, 1.39620813398832, -1.9080522507427518, 3.5015016724804737, -2.350657451596277, -0.38417417653209585, -2.035865683584026, 9.999745150710147] Score: 9.999745690151949 Runtime: 327ms
[3.6561413872445447, 2.5495743923959964, -1.530365293172522, 1.469260807530727, 1.3960834927426162, -1.9080420933389046, 3.5014394706885046, -2.350568596781238, -0.38423532466364, -2.0358730701607737, 9.99950260403352] Score: 9.999535662154353 Runtime: 318ms
[3.65599999905312, 2.5496000002898485, -1.5296000003345274, 1.4695999996819187, 1.3960000008339277, -1.9079999984377645, 3.501599998597648, -2.350399999520235, -0.3840000004210793, -2.035999999403173, 10.0] Score: 10.0 Runtime: 340ms
[3.6559919230635414, 2.549597587891068, -1.5295936653910536, 1.469607846831837, 1.3960133931612158, -1.908000834290603, 3.5016073264948906, -2.350409183948292, -0.38399247799528563, -2.035999425779211, 9.999976708313639] Score: 9.999977895067682 Runtime: 323ms
[3.6560000002552497, 2.5496000001791614, -1.5296000010692024, 1.4695999980588184, 1.3959999986085794, -1.9080000001380752, 3.501599995753321, -2.3503999998002874, -0.3840000022535983, -2.035999999300942, 10.0] Score: 10.0 Runtime: 341ms
[3.656000001686938, 2.5496000007917594, -1.5295999996329614, 1.4695999996301348, 1.3959999990259355, -1.9080000003133735, 3.5015999978489725, -2.3503999983836166, -0.38400000076992635, -2.036000001397396, 10.0] Score: 10.0 Runtime: 352ms
[3.655999999347431, 2.5496000008120148, -1.5295999940480465, 1.469600003460734, 1.3959999994086274, -1.907999999379883, 3.501600000361333, -2.3503999986639843, -0.3839999985915482, -2.0360000011897914, 10.0] Score: 10.0 Runtime: 375ms
[3.6557150945925585, 2.549735908843566, -1.5270070168898238, 1.4705722720409755, 1.3953202024293483, -1.9078035238389786, 3.5019719004184138, -2.349551135788829, -0.3833698591688892, -2.0364585682065184, 9.999446385553446] Score: 9.999454278928631 Runtime: 324ms
[3.655980742223029, 2.549609213039343, -1.5294272201476045, 1.4696656886169972, 1.395955168873598, -1.9079875394125492, 3.50162480914725, -2.3503428128036226, -0.3839574546383306, -2.0360308855476914, 9.999950557773081] Score: 9.99995307932149 Runtime: 326ms
[3.655999993753627, 2.5496000032640675, -1.5295999404144929, 1.4696000219865795, 1.3959999847652378, -1.9079999956578404, 3.501600008852947, -2.350399980453108, -0.3839999859222637, -2.0360000106493708, 10.0] Score: 10.0 Runtime: 336ms
[3.656000004787539, 2.5495999982057698, -1.5296000398259961, 1.4695999840870468, 1.396000011255213, -1.908000003268257, 3.5015999931433224, -2.350400012612358, -0.38400001020493046, -2.0359999920987946, 10.0] Score: 10.0 Runtime: 349ms
[3.6559929641368227, 2.549598229623022, -1.529590949390717, 1.4696079064167609, 1.3960100182450887, -1.908000402408996, 3.5016065464549153, -2.350406313155955, -0.3839928570172285, -2.036000176466076, 9.999967417460262] Score: 9.999968649970914 Runtime: 336ms
[3.6559999997598474, 2.549600001467729, -1.5296000037807038, 1.4696000012522519, 1.3959999998640946, -1.908000001274685, 3.5015999999843506, -2.3504000007852657, -0.3839999995472339, -2.035999998822349, 10.0] Score: 10.0 Runtime: 335ms
[3.6559999983830487, 2.5496000005322044, -1.5295999994334586, 1.4696000030731557, 1.396000001020429, -1.908000000680398, 3.5015999996776626, -2.3504000002953584, -0.3839999976373274, -2.0359999988849755, 10.0] Score: 10.0 Runtime: 327ms
[3.6552935904538018, 2.5499350349943786, -1.5231302510740212, 1.4720075102543453, 1.3942924512837849, -1.907494787903251, 3.5025287970328574, -2.34829777126214, -0.3824406369876829, -2.0371374548165337, 9.998654493387079] Score: 9.998666216122215 Runtime: 322ms
[3.6560000013434655, 2.5496000000793972, -1.5296000002467698, 1.469599998634208, 1.396000000018712, -1.9080000018079437, 3.5015999982020474, -2.3504000031388803, -0.3840000016828086, -2.035999997941052, 10.0] Score: 10.0 Runtime: 333ms
[3.6560003965246954, 2.5496077211302244, -1.5295559091104853, 1.4695866308444292, 1.3960098929197102, -1.907949634669091, 3.501625017439286, -2.3503402599539536, -0.3839530606425411, -2.0360073915049344, 9.999018292633869] Score: 9.99955817083394 Runtime: 330ms
[3.653280345155937, 2.55014037389474, -1.5157065353392083, 1.4759054787753196, 1.3927663848815426, -1.906418063643395, 3.502478604812291, -2.346402802310484, -0.3807655267950587, -2.0386648804327265, 9.976002801807276] Score: 9.981459253574062 Runtime: 341ms
[3.6559999985387495, 2.5495999994673424, -1.5296000025308838, 1.469600000165139, 1.3959999999488195, -1.9079999975953728, 3.5015999995841445, -2.3503999980315307, -0.38399999949313735, -2.0359999988545883, 10.0] Score: 10.0 Runtime: 355ms
[3.655999998751112, 2.5496000008832604, -1.5295999996731542, 1.469599999289347, 1.3960000001346933, -1.9080000028185242, 3.501600000177981, -2.350400000216234, -0.38400000022340547, -2.035999998993865, 10.0] Score: 10.0 Runtime: 333ms
