[3.04887679693354, 3.82007067409371, 1.7571156825659764, 4.94409135480009, 2.703460765680128, 3.728110175033337, -0.18754266573159242, 4.575635540848564, 4.671810695956731, 3.1203258522234574, 0.2354724542544351] Score: 0.2354724542544351 Runtime: 19967ms
[2.9577095242650446, 1.0626579344573912, 4.994116113448329, 4.907282270038686, 4.223225238278754, 3.378360421149385, 4.366199975802994, 3.675034633283688, 4.9619833826370945, 4.804077236327393, 1.6598031115346634] Score: 1.6598031115346634 Runtime: 19765ms
[3.1587501305524013, 3.3857441253097362, 3.077082709200201, 4.952692101032173, 4.036601328791024, 4.508607179014076, 4.330656301973641, 3.691995517998782, 4.857121910923708, 3.7580900684898593, 0.8361649443292032] Score: 0.8361649443292032 Runtime: 19504ms
[4.246175624738589, 4.115904775338381, 2.491233226196572, 4.746268384466113, 0.006107273908346401, 2.349175960701346, 3.4800883574836816, -2.5195605012329962, 2.1843997747776447, 1.498428824924219, 0.5473841890379562] Score: 0.5473841890379562 Runtime: 19512ms
[4.630210128383342, 4.726989266665028, 5.0, 4.967194428581309, 5.0, 4.943894895140014, 4.572010017683277, 5.0, 1.7718872803536232, 3.3803437953042166, 2.1830611944302865] Score: 2.1830611944302865 Runtime: 19616ms
[4.767558217910667, 4.786841240076806, 3.5472688216523074, 4.92623956762579, 4.8046401078846275, 4.8155402108963665, 4.213325084889816, 4.887555063003085, 3.8508488526271725, 4.302570292270942, 5.81502552807975] Score: 5.81502552807975 Runtime: 19528ms
[3.804023112642026, 1.01409110966515, 3.676268316675121, 3.28633192375152, 4.740561237737065, 1.9682553817841761, 2.609159434077557, 4.74399695110141, 4.843658379293578, 2.894441146921388, 4.78863952723147] Score: 4.78863952723147 Runtime: 19901ms
[1.2489515556937267, 4.327756155456591, 1.0460815799121934, 5.0, 2.072724619344561, 3.729059059111925, 4.769599875773617, 1.4770274006015691, 1.8913771585384116, 4.553004327379567, 0.13133255578710745] Score: 0.13133255578710745 Runtime: 19735ms
[4.186042073609272, 5.0, 4.814600073231314, 5.0, 4.9924151921459625, 3.470603220696853, 4.341077559922853, 4.958524505638575, 4.772706460025464, 4.956838716523153, 0.41854157170248263] Score: 0.41854157170248263 Runtime: 19849ms
[4.941719334826743, 2.168435997366052, 4.900241126149387, 4.9651175170469095, 4.974434621370904, 4.69175825170454, 4.978281072084996, 2.0932088316094326, 4.948533884443167, 4.866772639047169, 0.05121299382027887] Score: 0.05121299382027887 Runtime: 19747ms
[4.7302235397003, 4.42517780633382, 4.9870110495163225, 3.7367247645034185, 3.193607268509127, 4.5468999231663885, 2.1071321960885756, 4.840037775522311, 3.2288587260989083, 4.9689431744496675, 1.6600719226271785] Score: 1.6600719226271785 Runtime: 19416ms
[2.1029193236339854, 5.0, 2.5750903142150707, 4.565956432881354, 4.189589429558575, 3.659137516343673, 1.2164633125376554, 3.8466006863873985, 5.0, 2.8877340450186066, 0.08786409403030722] Score: 0.08786409403030722 Runtime: 19588ms
[2.7058840678551976, 4.344714321066349, 3.5341163845181716, 1.0296666552185012, 2.498983067465441, 2.9961316985431914, 4.991966947965889, 1.8605497792857244, 4.488204468973812, 4.362489384543514, 3.5581181648315816] Score: 3.5581181648315816 Runtime: 19521ms
[3.9021478519268844, 4.700654739335679, 4.696281573851565, 3.863100618376829, 4.868403195891959, 3.618797722675345, 4.861186390504041, 4.0474261954996695, 4.4908004346725425, 3.0997375265672327, 0.733980002376713] Score: 0.733980002376713 Runtime: 19571ms
[4.966126574572359, 3.0340703672866396, -0.27829706027699647, 4.972608423409428, 2.987420571452113, 3.8912051682452016, 2.3794548874790076, 4.180976449025513, 2.843113415140904, 4.9829438435026585, 0.7754271500892435] Score: 0.7754271500892435 Runtime: 19513ms
[2.434350485116837, 4.087794934496632, 2.971639638392367, 4.991572549366687, 3.2875226724292785, 4.5123155120932275, 3.8143076364282544, 2.388527387646119, 4.9894993824968035, 3.775317129394061, 0.8741663747024848] Score: 0.8741663747024848 Runtime: 19401ms
[4.710583989581418, 4.018248839339906, 4.903070268146713, 4.924922358687469, 2.6091522642012315, 4.509955702843897, 2.822174131216845, 4.6356526171386045, 4.383584809687024, 4.770411984467327, 7.0340373430624865] Score: 7.0340373430624865 Runtime: 19478ms
[2.3262214987481267, 4.985796332888917, 4.160277004370281, 2.8578990961192967, 4.156953459942514, 2.548314714376656, 2.319589057487015, 0.4376718976659773, 3.1897349411325893, 4.995406825906368, 0.9147551781022817] Score: 0.9147551781022817 Runtime: 19489ms
[3.2308316171873757, 1.9690608998915073, 4.7145292988231695, 4.975213457979336, 4.69160509492136, 4.981620479107404, 1.231720143508093, 2.540603746789164, 4.958479540412719, 5.0, 3.4917377429369942] Score: 3.4917377429369942 Runtime: 19465ms
[4.056263568555857, 4.3251535296815895, 2.8644669113446577, 0.37285057982685266, 2.167852568512931, 4.721917919718483, 2.398976711514952, 3.5518539967312965, 3.1156105072255835, 4.258353462273851, 2.0315220342685154] Score: 2.0315220342685154 Runtime: 19465ms
[3.0380378597534556, 4.913465897895303, 4.936391770674035, 4.911838608873991, 4.500957598661568, 4.949748973550411, 1.0501937429805046, 4.779315452469328, 4.975940386524866, 4.333301886920592, 0.3684453939302095] Score: 0.3684453939302095 Runtime: 19545ms
[4.7966937799792575, 3.6362692540738535, 1.3330400728821854, 3.764634182829477, 3.1773555491815233, 3.066129604022869, 4.986316033639971, 4.049787868847201, 0.6046451816318066, 4.854937565911974, 0.35519901484929955] Score: 0.35519901484929955 Runtime: 19370ms
[4.968352118727208, 3.8164366576531217, 4.92765912891229, 2.670921047225236, 3.9199925508597846, 4.95901560296045, 4.78507795521737, 3.6406938665543196, 4.379759272339776, 3.871942705679057, 1.038698286347579] Score: 1.038698286347579 Runtime: 19272ms
[4.488755197505388, 4.095589336123486, 4.1004964993953, 3.6811433356988816, 4.079756419047629, 3.23586917367907, 3.8076684718625873, 4.451935335259082, 3.58244064493559, 1.689551714807947, 5.823734503129074] Score: 5.823734503129074 Runtime: 19589ms
[4.240240650124105, 2.584826130789601, 4.553798564479387, 4.812747367632943, 4.8250294972542065, 3.2089985947389095, 4.3296061175315534, 4.162652509722543, 3.7117465558648575, 4.34964501821363, 0.11905317507405913] Score: 0.11905317507405913 Runtime: 19311ms
[-0.5794399667445337, 4.754174072159164, 4.273229024609847, 4.130050843251046, -0.4451865796482552, -0.8941876641036919, 0.09711507590176674, 3.4552251972601358, -0.8930392806989942, 4.946165861964625, 0.09287970105606716] Score: 0.09287970105606716 Runtime: 19622ms
[2.9214010115814024, 3.446287520421678, 4.546238304866358, 4.20902713975327, 2.2787113293348127, 0.8125899227957134, 4.9599862636869645, 3.6090052296058834, 2.219124933805489, 3.67486852796611, 0.37854207003921037] Score: 0.37854207003921037 Runtime: 19524ms
[4.36687220440485, 4.94116093320829, 2.147497231444627, 1.971099937546356, 4.9394645459629265, 3.2858417548599848, 4.464780452198229, 4.678677289864194, 4.269743188726402, -1.858023964219122, 1.8782950044715083] Score: 1.8782950044715083 Runtime: 19704ms
[3.449706922627107, 2.620032773449819, -0.6872803565610226, 2.086474358045975, 4.414447519526063, 2.915207572715766, 4.226606859130971, 4.945022740518248, -1.3500385041199938, -0.09021316903891803, 0.02243632085486187] Score: 0.02243632085486187 Runtime: 19206ms
[4.996059153228877, 4.9975321812664175, 2.7452647649003463, 4.39769750144086, 4.946821893584067, 2.1311372435559486, 3.1528605894357744, 3.242884651569153, 4.979313883055381, 4.9863591548323525, 0.2703179968603784] Score: 0.2703179968603784 Runtime: 19565ms
[4.78527370376116, 2.1663201006517734, 0.46154430741261937, 2.3305647962695213, 4.7319110742746044, 4.450952911279315, 4.992805895193917, 2.288899338393712, 3.1467002848713665, 4.441475828004673, 0.9567582980626855] Score: 0.9567582980626855 Runtime: 19382ms
[4.864200665561983, 3.5592607388809463, 4.870802663294139, 1.6458738808243212, 4.1655348496249855, 4.654487988127503, 4.2541772252130965, 4.922191509663694, 1.1809340561865416, 4.826606361605622, 1.0057070741668332] Score: 1.0057070741668332 Runtime: 19425ms
[3.80538013337176, 2.888680046434011, 4.9647932472377425, 4.730746845513115, 4.957886937599549, 4.967728965762077, 3.261938999628311, 4.585786618605503, 4.842833186774072, 3.380103634056965, 0.17193437805803655] Score: 0.17193437805803655 Runtime: 19522ms
[0.019445508301271418, 5.0, 4.93910028829196, 3.6817527199334, 0.548328261104119, 0.8039378873940177, 1.7003441164455877, 4.688643791915933, 4.324128020132324, 1.5228732859531109, 0.7548352309506922] Score: 0.7548352309506922 Runtime: 19403ms
[3.327238648779146, -0.4990856492457211, 2.7363876227815074, 5.0, 3.607481284968005, 4.557556376056165, 5.0, 4.9940898118467665, 5.0, 4.986724297627286, 0.1726260172007826] Score: 0.1726260172007826 Runtime: 19497ms
[4.932910158802519, 4.354641296677677, 4.337649388794242, 4.941209275437209, 4.011566419342268, 3.730872431407568, 1.875885482347805, 4.09447740446836, 4.722634299678909, 2.7342585974628895, 1.1527911234527872] Score: 1.1527911234527872 Runtime: 19469ms
[4.619519799805556, 3.925752641524087, 3.6423101286400694, 1.3422398755734046, 2.9034670650371583, 2.4169498511067373, 4.115987137048732, 3.269458011409177, 4.080095106681194, 4.337620606579571, 0.29698722280690415] Score: 0.29698722280690415 Runtime: 19389ms
[3.7506645889772603, 4.892515003034324, 4.95127218340184, 2.4491673864842136, 4.6228191533181695, -0.20739941941400072, 4.637598028794623, 4.96124101709382, 4.959877640199885, 4.9419539275100535, 0.33703580479337475] Score: 0.33703580479337475 Runtime: 19388ms
[4.8278034603767415, 4.450458483533601, 3.5541851105473223, 4.921183966442687, 3.6310526550847717, 4.396304805484405, 4.3478637668994855, 4.887344891843723, 4.518858078238203, 4.363341034880212, 0.40503321527562336] Score: 0.40503321527562336 Runtime: 19717ms
[2.9947786603921758, 4.933887955668398, 0.9647161223289944, 1.5276470382654057, 4.6483263263482275, 4.264195991200459, 5.0, 3.472536706022197, 2.4455377260059667, 5.0, 0.0715711989046739] Score: 0.0715711989046739 Runtime: 19420ms
[3.04887679693354, 3.82007067409371, 1.7571156825659764, 4.94409135480009, 2.703460765680128, 3.728110175033337, -0.18754266573159242, 4.575635540848564, 4.671810695956731, 3.1203258522234574, 0.2354724542544351] Score: 0.2354724542544351 Runtime: 19513ms
[4.7302235397003, 4.42517780633382, 4.9870110495163225, 3.7367247645034185, 3.193607268509127, 4.5468999231663885, 2.1071321960885756, 4.840037775522311, 3.2288587260989083, 4.9689431744496675, 1.6600719226271785] Score: 1.6600719226271785 Runtime: 19753ms
[4.434620982662092, 4.9613773747557035, 5.0, 5.0, 4.014688225225889, 4.992673666147011, 4.263351795033509, 5.0, 5.0, 4.890495834421757, 0.04053590968810457] Score: 0.04053590968810457 Runtime: 19776ms
[5.0, 4.992968671926137, 4.9957399021881805, 4.9889963042918755, 5.0, 5.0, 2.183227037755003, 4.990606312845559, 5.0, 4.992538253333189, 0.0031480157653024296] Score: 0.0031480157653024296 Runtime: 19367ms
[4.943904273677079, 4.621049839664883, 5.0, 4.932350213303295, 3.050149905834396, 5.0, 2.610804807237846, 4.967365823382902, 4.95356693224941, 4.918239329473644, 0.430065264447162] Score: 0.430065264447162 Runtime: 19566ms
[4.710583989581418, 4.018248839339906, 4.903070268146713, 4.924922358687469, 2.6091522642012315, 4.509955702843897, 2.822174131216845, 4.6356526171386045, 4.383584809687024, 4.770411984467327, 7.0340373430624865] Score: 7.005395457652433 Runtime: 19848ms
[4.710820431448943, 4.017982732015528, 4.903162145172683, 4.924815264346772, 2.6087568395233602, 4.509901451099045, 2.822437486928696, 4.635152856631775, 4.383806271805781, 4.770372449523396, 7.0700444063815056] Score: 7.0700444063815056 Runtime: 19402ms
[4.710583989581418, 4.018248839339906, 4.903070268146713, 4.924922358687469, 2.6091522642012315, 4.509955702843897, 2.822174131216845, 4.6356526171386045, 4.383584809687024, 4.770411984467327, 7.0340373430624865] Score: 6.816946818823525 Runtime: 19570ms
[4.710583989581418, 4.018248839339906, 4.903070268146713, 4.924922358687469, 2.6091522642012315, 4.509955702843897, 2.822174131216845, 4.6356526171386045, 4.383584809687024, 4.770411984467327, 7.0340373430624865] Score: 6.690381678720093 Runtime: 19487ms
[4.710583989581418, 4.018248839339906, 4.903070268146713, 4.924922358687469, 2.6091522642012315, 4.509955702843897, 2.822174131216845, 4.6356526171386045, 4.383584809687024, 4.770411984467327, 7.0340373430624865] Score: 6.921110939168839 Runtime: 19561ms
[4.710583989581418, 4.018248839339906, 4.903070268146713, 4.924922358687469, 2.6091522642012315, 4.509955702843897, 2.822174131216845, 4.6356526171386045, 4.383584809687024, 4.770411984467327, 7.0340373430624865] Score: 0.05538384618762959 Runtime: 19759ms
[4.710583989581418, 4.018248839339906, 4.903070268146713, 4.924922358687469, 2.6091522642012315, 4.509955702843897, 2.822174131216845, 4.6356526171386045, 4.383584809687024, 4.770411984467327, 7.0340373430624865] Score: 6.967400653772803 Runtime: 19789ms
[4.710583989581418, 4.018248839339906, 4.903070268146713, 4.924922358687469, 2.6091522642012315, 4.509955702843897, 2.822174131216845, 4.6356526171386045, 4.383584809687024, 4.770411984467327, 7.0340373430624865] Score: 6.707039115468314 Runtime: 19722ms
[4.710583989581418, 4.018248839339906, 4.903070268146713, 4.924922358687469, 2.6091522642012315, 4.509955702843897, 2.822174131216845, 4.6356526171386045, 4.383584809687024, 4.770411984467327, 7.0340373430624865] Score: 6.822178464558543 Runtime: 19633ms
[4.710583989581418, 4.018248839339906, 4.903070268146713, 4.924922358687469, 2.6091522642012315, 4.509955702843897, 2.822174131216845, 4.6356526171386045, 4.383584809687024, 4.770411984467327, 7.0340373430624865] Score: 6.9243437472476685 Runtime: 19604ms
[4.710583989581418, 4.018248839339906, 4.903070268146713, 4.924922358687469, 2.6091522642012315, 4.509955702843897, 2.822174131216845, 4.6356526171386045, 4.383584809687024, 4.770411984467327, 7.0340373430624865] Score: 6.9192431479920415 Runtime: 19912ms
[4.710583989581418, 4.018248839339906, 4.903070268146713, 4.924922358687469, 2.6091522642012315, 4.509955702843897, 2.822174131216845, 4.6356526171386045, 4.383584809687024, 4.770411984467327, 7.0340373430624865] Score: 0.04090525392049607 Runtime: 19742ms
[4.710583989581418, 4.018248839339906, 4.903070268146713, 4.924922358687469, 2.6091522642012315, 4.509955702843897, 2.822174131216845, 4.6356526171386045, 4.383584809687024, 4.770411984467327, 7.0340373430624865] Score: 0.11512876301811378 Runtime: 19488ms
[4.710583989581418, 4.018248839339906, 4.903070268146713, 4.924922358687469, 2.6091522642012315, 4.509955702843897, 2.822174131216845, 4.6356526171386045, 4.383584809687024, 4.770411984467327, 7.0340373430624865] Score: 0.05666131132817543 Runtime: 19506ms
[4.710583989581418, 4.018248839339906, 4.903070268146713, 4.924922358687469, 2.6091522642012315, 4.509955702843897, 2.822174131216845, 4.6356526171386045, 4.383584809687024, 4.770411984467327, 7.0340373430624865] Score: 0.01545771004285251 Runtime: 19352ms
[4.710583989581418, 4.018248839339906, 4.903070268146713, 4.924922358687469, 2.6091522642012315, 4.509955702843897, 2.822174131216845, 4.6356526171386045, 4.383584809687024, 4.770411984467327, 7.0340373430624865] Score: 0.04235755690631781 Runtime: 19426ms
[4.710583989581418, 4.018248839339906, 4.903070268146713, 4.924922358687469, 2.6091522642012315, 4.509955702843897, 2.822174131216845, 4.6356526171386045, 4.383584809687024, 4.770411984467327, 7.0340373430624865] Score: 0.007435331224823396 Runtime: 19719ms
[4.710583989581418, 4.018248839339906, 4.903070268146713, 4.924922358687469, 2.6091522642012315, 4.509955702843897, 2.822174131216845, 4.6356526171386045, 4.383584809687024, 4.770411984467327, 7.0340373430624865] Score: 0.022590245579491172 Runtime: 19459ms
[3.261758580040306, 4.1343514208909715, 2.107939349649524, 3.4310030165024488, 1.0874843887228594, 4.982392484945297, 4.976095739118341, 4.241843372614509, 4.81895983576968, 4.973721512173336, 0.7233953850431452] Score: 0.7233953850431452 Runtime: 19657ms
[4.2998061627164095, 4.562575173172264, 3.6102010479487205, 3.193018111850533, 2.576884855340284, 5.0, 4.303398282671313, 4.197901838528163, 3.3429691593592192, 4.576850832721556, 3.0539269122302293] Score: 3.0539269122302293 Runtime: 19398ms
[3.5488688458079314, 4.62397663204072, 4.168718943444192, 5.0, 4.968406730594023, -0.4063163696375782, 4.971989838317034, 5.0, 4.998918485924669, 4.914002330159814, 0.17533555094327666] Score: 0.17533555094327666 Runtime: 19612ms
[1.9391792960303014, -2.1874803216415106, -1.1088757616508471, 4.679330795998949, 2.7794434519182065, -1.594933523907188, 1.4615908883026592, 3.3148246768326612, -0.6604758380173528, 5.0, 0.7719572428980476] Score: 0.7719572428980476 Runtime: 19631ms
[2.9097368897273554, 5.0, 4.659099350574142, 2.589194599685301, 4.46689632180554, 0.8557039473492847, 4.4453376333075525, 4.925110347039935, 3.0244315360154, 2.0033899776460276, 0.5380218464135957] Score: 0.5380218464135957 Runtime: 19389ms
[1.0987555961957032, 4.835854937084094, 3.4093375507688064, 2.234707917339402, 4.768367767655148, 4.262505110665879, 2.9306056797765443, 0.1429842916872448, 4.8245230382205895, 4.509363078350622, 2.572681847223635] Score: 2.572681847223635 Runtime: 19558ms
[4.138012170907031, 4.920460971377143, 2.5515806253122775, 2.881115538716444, 1.6635386135540478, 1.9166908773941602, 1.8435232961920922, 4.938487607513842, 3.9731158826146387, 4.180741586043191, 0.14207130162159154] Score: 0.14207130162159154 Runtime: 19514ms
[4.458202791898377, 4.714697602397217, 4.212388546420313, 0.9645081081525352, 3.7971765103198982, 0.6003607107020688, 0.5936197998353561, 4.121362822970621, 4.147370810516679, 5.0, 0.7203872178330977] Score: 0.7203872178330977 Runtime: 19449ms
[4.408399721990246, 4.801222467720007, 3.3391372378501205, 4.982973209893728, 4.229062949864088, 2.439820601213076, 1.0608682864633912, 4.941860869354553, 4.449084622101967, 5.0, 0.34147342503472533] Score: 0.34147342503472533 Runtime: 19506ms
[4.014516441043501, 3.416798436223924, 3.470837193486832, 4.17084955917743, 2.5621574606827284, 5.0, 5.0, 2.8000571167290658, -0.5421511334070599, 4.906794525210748, 0.06473200523369688] Score: 0.06473200523369688 Runtime: 19472ms
[3.5145651855261595, 3.7462169295319283, 4.970947093264204, -0.5451122091043118, 4.828795057099692, 1.4389509444955664, 4.977834842539639, 2.4130140787976933, 3.3711891707606036, 4.869665972070455, 1.470445939006574] Score: 1.470445939006574 Runtime: 19725ms
[3.479374071587812, 3.393059423734316, 4.462556841064587, 4.0753414673334785, 4.433504895713292, 4.280874341263289, 4.318788498594493, 4.232027176014736, 4.649636862373219, 4.005116480612131, 0.09585178213682477] Score: 0.09585178213682477 Runtime: 19505ms
[-0.8637359101566552, 4.784509081234063, 4.166901473832647, 4.174336440481932, 4.256146357258075, 4.867736691931355, 4.481209214363173, 4.464340066601537, -0.14887921971785836, 3.5844347162309367, 0.7392542299287572] Score: 0.7392542299287572 Runtime: 19487ms
[1.5652187614282445, 4.675091629010228, 2.0965291925769955, 2.976098920558728, 3.0898887284748415, 4.146769546230688, 4.3703108756685545, 4.271446071134269, 1.6531527132695694, 4.753906703365204, 0.07937196080614188] Score: 0.07937196080614188 Runtime: 19720ms
[4.3386794633434835, 4.525101109523677, 4.102767910527913, 4.993557806616316, 4.380324840193301, 4.142444349440257, 4.93738719181228, 4.994978820773171, 3.550616718021846, 5.0, 0.4317827281487652] Score: 0.4317827281487652 Runtime: 19607ms
[5.0, 4.946505351812612, 4.997999999999999, 1.073094135247928, 4.312585216829945, 4.329511339771445, 4.884318309997235, 3.9701243572497753, 4.959275911740826, 4.861326380600251, 0.4586690843976379] Score: 0.4586690843976379 Runtime: 19717ms
[3.904735668427605, 5.0, 2.883839648117343, 3.1203802702893575, 2.776107085699092, 4.569803599515661, 4.477351214415467, 2.114424382429231, 0.7682736424361833, 4.64292973348223, 0.5794732083826943] Score: 0.5794732083826943 Runtime: 19576ms
[2.3763646654082136, -1.351678718062951, 2.5308256586466715, 3.0958387289784466, 3.9909051145542906, 4.36751667858929, 4.474530761070561, -2.183372072687081, -1.5340401267785408, 1.3876947085504596, 2.1064360354575284] Score: 2.1064360354575284 Runtime: 19503ms
[1.0741184637641803, 3.919095296670845, 1.3247364187410509, 4.489598886844912, 2.676777246829757, 4.741819840993062, 4.189935581089863, 2.4744787218438904, 3.2436500102460046, 4.911732746113873, 0.9186800201727551] Score: 0.9186800201727551 Runtime: 19419ms
[4.729240672119904, 3.1318321057956195, 3.633610839878884, 3.776627302650069, 2.648507470513918, 4.979595527705718, 1.8249458791391895, 2.6932759395697516, 3.4956887951839324, 3.8099779523923347, 4.177870416004159] Score: 4.177870416004159 Runtime: 19313ms
[4.833645112343006, 1.8746727415836426, 4.026654244352823, -1.6672762223628488, 4.958422193673002, 3.379438243781741, 4.990048536684825, 3.8269099003811626, 3.422664393353281, 4.77418134248923, 3.312592849515732] Score: 3.312592849515732 Runtime: 19452ms
[1.6055713097055961, 2.3506593423411815, 2.253438448789537, -0.009293177443524526, 2.4536147463016706, 0.5666280290174207, 0.9107432115276491, 5.0, 4.513756938187279, 4.9668883926092775, 0.4136703540382344] Score: 0.4136703540382344 Runtime: 19323ms
[-0.5162681978282616, 2.291849799921436, 0.9098680255146339, -1.2395877911825788, 1.8659883310659842, 4.4634215080842505, 3.184932409266189, 4.913743858270693, 2.8135508116019374, 2.058330644262649, 0.15988199178170845] Score: 0.15988199178170845 Runtime: 19281ms
[4.869793243800675, 3.189041165979111, 4.3373851854857195, 1.401133712574358, 1.5974567458463573, 4.976662611111576, 2.6545377931864618, 3.8159074266952087, 4.367213030745849, 2.8483467922145946, 1.001935824596001] Score: 1.001935824596001 Runtime: 19313ms
[0.5751346959198279, 4.972231950397108, 3.5665758749741383, 5.0, 3.2370045023090857, 3.366177798396176, 4.978092275484786, 1.8352910256717527, 4.194985873346737, 1.7148258574590833, 1.0721901711722184] Score: 1.0721901711722184 Runtime: 19248ms
[4.98179221930465, 3.680357011271923, 4.9901790181877965, 3.539943666791028, 1.8883710649678702, 0.9900513167057292, 5.0, 5.0, 4.994716623117451, 4.926692011711744, 0.6015487700997073] Score: 0.6015487700997073 Runtime: 19233ms
[4.030371633776252, 3.211883216871147, 2.6194770933976352, 4.983755995015684, 4.7865238207339775, 3.190029264904188, 4.555014148653907, 3.225964650723809, 4.994792886105659, 4.387575436807617, 0.6645796212081378] Score: 0.6645796212081378 Runtime: 19627ms
[4.238217380529746, 4.952478833776819, 3.1423215736487466, 4.6096042781476765, 3.736755270648168, 4.42200316727399, 4.552831261237909, 1.7709108192673706, 3.507920700193185, 4.452122488143626, 4.1102893598325645] Score: 4.1102893598325645 Runtime: 19446ms
[4.797683778956237, 2.0863127684235376, 3.2470821543140107, 0.7096794465916316, 3.955524045170267, 1.1002870149600898, 3.594284194516197, 2.412659860178975, 2.9651554649402243, 2.390726292917194, 0.26316776522102037] Score: 0.26316776522102037 Runtime: 19354ms
[0.38602153131814854, 3.013452004314295, 4.938492073762815, 3.1465193037185846, 3.148080198998007, 3.835131229205573, 4.137751291395486, 4.014208037096097, 3.269509603824109, -1.5235592053620557, 3.2652711454464365] Score: 3.2652711454464365 Runtime: 19499ms
[1.556826143305048, 4.436376546352288, 4.986908795862924, 4.922047632779524, 4.994581930840943, 4.985900462450615, 4.972847352613937, 0.2891546242085165, 3.6467907472780814, 3.3339859474630846, 0.6006934407852542] Score: 0.6006934407852542 Runtime: 19217ms
[3.636935934183848, 4.981009101613267, 3.914245680487176, -2.091635098666856, 2.8391781456070664, 4.219231101611647, 2.801915990656435, 2.541267730936362, -0.8599705683949781, 2.3078416162102515, 0.07531689399458456] Score: 0.07531689399458456 Runtime: 19487ms
[3.5228425925253077, 4.812212443479877, 4.865619071765226, 3.7628128160231333, 4.427152390434848, 4.157507247834625, 2.481250137554161, 4.582637341378804, 2.056228778940294, 1.365699544558637, 2.1859761151828003] Score: 2.1859761151828003 Runtime: 19343ms
[3.6391236312392152, 1.3839993082744506, 0.8173629431856875, -3.3792369109143308, -0.5618081276926998, 0.25906211293427434, 4.984478447540808, -1.351077929330477, -1.1870322334083656, 1.1703955738867657, 0.3330340093595886] Score: 0.3330340093595886 Runtime: 19295ms
[5.0, 4.165248503552899, 3.8357245229955255, 2.5654917183889596, 2.798095791056924, 3.887395292886878, 1.5889107038334218, 4.657146314013574, 5.0, 4.885683380028624, 2.2002443110851715] Score: 2.2002443110851715 Runtime: 19453ms
[5.0, 4.9621831356617, 4.848884817976579, 4.103011465219601, 3.1904354713882284, 3.7927755938811534, 4.371069571422145, 3.822545583101683, 4.663621897008169, 4.966469235354796, 0.5649038230714655] Score: 0.5649038230714655 Runtime: 19519ms
[4.663830653062709, 4.1252125782362885, 4.9284667310029935, 4.225670944553935, 4.970125086432988, 4.686579887035755, 3.994816637526118, 0.981388378854469, 1.0463032938732528, 0.8027238610579498, 0.1563084487434479] Score: 0.1563084487434479 Runtime: 19318ms
[0.8812301279654138, -0.06970363900527643, 0.532588701956238, 3.043146310110446, 4.988770692684509, -0.3320358840389116, 2.6626784678089983, 4.7344526549221255, 4.19196309080149, 2.5520014177900157, 0.09384980215434227] Score: 0.09384980215434227 Runtime: 19370ms
[4.539229219525264, 3.6030150529974088, 4.98622175607992, 1.551899340855443, 3.7932823178093757, 3.7164790713167966, 3.460447920338931, 4.982262255221145, 4.271058564580114, 1.7003299661345708, 0.20945109134988776] Score: 0.20945109134988776 Runtime: 19644ms
[4.173458032033106, 4.111584921476301, 4.971208515903525, 4.930400328894369, 4.793797822899578, 4.611172928584005, 4.6827525536702765, 2.2167707039384186, 3.672300718290979, 2.5946896460789466, 6.120817766809426] Score: 6.120817766809426 Runtime: 19544ms
[4.985735561597439, 4.933462059345279, 2.5216157811468207, 4.742351722235227, 1.706360976046273, 0.2038122248864815, 2.7862047019393024, 4.15298575362439, 3.9426496865829526, 4.525237077527629, 0.008756880219785336] Score: 0.008756880219785336 Runtime: 19364ms
[3.8366764217695097, 4.0316044965521565, 4.156587849294189, 0.14985881904923998, 4.990944132517226, 4.947514011724881, 3.0850298776687186, 2.0948776369626545, 4.404361674807755, 0.0275274094224932, 0.4586621932363111] Score: 0.4586621932363111 Runtime: 19357ms
[1.7593239278626345, 4.9772875670301, 4.984619870100822, 4.250228207246681, 3.6462469784019564, 4.361236915345001, 1.148335793529114, 2.080363272052317, 1.5870315759153235, 4.982562098069627, 1.5720552092315343] Score: 1.5720552092315343 Runtime: 19327ms
[4.727496562356709, 3.9725351130987447, 3.8900383306480086, 2.6087220325338976, 0.7382524611532189, 4.967676182245088, 2.364893044503998, 4.988940170098958, 1.2268012693591674, 4.978440236403364, 0.08978948338297299] Score: 0.08978948338297299 Runtime: 19351ms
[4.1737389846552535, 1.4267017279437881, 5.0, 4.97217728716853, 4.147959056032838, 0.014518177866670496, 4.14320738950329, 2.4730310077063544, -0.34019391392591153, 2.414625102590198, 3.003057005145235] Score: 3.003057005145235 Runtime: 19199ms
[5.0, 3.970187883937339, 5.0, 4.460056077883133, 2.522106863086914, 5.0, 5.0, 4.707971468966128, 2.1058810133698365, 4.992360046332685, 0.03187550604572222] Score: 0.03187550604572222 Runtime: 19272ms
[3.7347538591165623, 4.837404318565042, 4.983057399647907, 1.296667179512079, 4.991995294598037, 3.5765080893813663, 1.4596898803660898, 2.236178720289821, 4.47417207449914, 1.3586689978010387, 2.0597728136533204] Score: 2.0597728136533204 Runtime: 19392ms
[1.9988867314512526, 3.023212765562139, 5.0, 4.0266978648226415, 5.0, 1.933317741538305, 5.0, 5.0, 3.9001911870547517, 2.786602799799634, 1.33211776617734] Score: 1.33211776617734 Runtime: 19434ms
[1.3522545878888468, -1.267937661941874, -2.6064961265921385, 1.996888234600938, 1.8872854701627073, 4.106411561518203, 1.9114714556511487, 0.4949280719456985, -3.6085724655070774, 1.8010090702297554, 0.5886858862518426] Score: 0.5886858862518426 Runtime: 19227ms
[2.570990790825573, 3.4679900216635846, 1.3617209371148302, 2.1185713749273662, -0.09654595658421801, 0.5561465726702063, 0.35843900763394126, 1.0085335583860782, 1.242645614361306, 3.9763786324779073, 0.6158118676699381] Score: 0.6158118676699381 Runtime: 19315ms
[3.368299019261646, 3.378110359409008, 1.2367865229983044, 4.555950025695688, 1.1718229427990086, 0.5357327521252516, 4.565880533476261, 3.711105717159733, -2.8407842538849377, 4.622553438228461, 0.07551050629583882] Score: 0.07551050629583882 Runtime: 19376ms
[4.955637374999088, 4.969830351480775, 0.08063739869848544, 0.49708911481914925, 2.9400434323413944, 5.0, 4.944025356189508, 3.9711030826432934, 4.25224278503555, 4.59647336799996, 0.5603217161839279] Score: 0.5603217161839279 Runtime: 19611ms
[3.701253392027213, 1.0731273164774642, 4.324779139007028, 4.358137980490377, 3.5128345053710563, 2.45188168362707, 4.9303054333331096, 3.30113483920844, 2.4740423663477715, 3.383980003600072, 0.6462286450839588] Score: 0.6462286450839588 Runtime: 19327ms
[4.955343203922056, 4.987843883533493, 3.996935947641439, 4.490869739885112, 4.755561479687282, 2.9216519231604603, 2.791547337912516, 3.8090524338897858, 2.8297503518139973, 4.935037005206596, 0.046955042411637005] Score: 0.046955042411637005 Runtime: 19514ms
[0.35186762698252905, 3.144888829652169, 3.415008051624063, 2.7346871792090433, 3.8887702971221825, 2.397863457554355, 2.2667314309346462, 4.314326275212903, 2.6954265481292783, 4.548452129014749, 0.030076048914294478] Score: 0.030076048914294478 Runtime: 19373ms
[5.0, 3.790750343207103, 4.262505491699651, 3.52492316369823, 5.0, 4.438313995230984, 5.0, 3.995556298772043, 1.3693664895794044, 5.0, 0.03782757924040244] Score: 0.03782757924040244 Runtime: 19295ms
[4.506256522935411, 4.527085355847916, 4.493019888656313, 3.1604243354620065, 0.8649759047094474, 3.5596533384163145, 4.626854560726892, 4.821823096174377, 0.4203917527508343, -0.20416236503586907, 2.065048635063926] Score: 2.065048635063926 Runtime: 19335ms
[3.5000823039015425, 4.941482418602825, 3.6061375745852136, 3.626408424323925, 2.9406548249877043, 3.418039965207744, 4.9898260393138, 4.987669248206514, 3.8081763255912153, 4.482085753033815, 0.6979595954836028] Score: 0.6979595954836028 Runtime: 19661ms
[4.70635851294796, 2.5190786363157898, 4.745053542642666, 5.0, 0.3075044481339941, 4.912500006306226, 2.0367029360576567, 4.853487433484259, 1.5532931839953346, 4.970328710782483, 1.8575048855597918] Score: 1.8575048855597918 Runtime: 19310ms
[5.0, 4.084822821314223, 4.52483031838374, 1.9195627935034065, 0.6466525593162115, 2.905347652700939, 5.0, 4.444353564761522, 0.2627782726817748, 2.4564775956104, 0.49970117520988866] Score: 0.49970117520988866 Runtime: 19370ms
[4.214152359159228, 4.959221567677177, 3.331371065731061, 4.985954443200481, 2.973439661265381, 3.2449328192374947, 4.446731195899482, 4.952356591312655, 4.21842847495402, 4.952478816694488, 1.003768410563724] Score: 1.003768410563724 Runtime: 19209ms
[4.120237128197291, -1.1516267001319767, 4.117949906010037, 2.544554506960216, -2.1661352565496275, -0.12635434553595112, 4.29144469255675, 3.0301764480701054, 2.4459890361835406, 3.0177348586949795, 0.36261891694049275] Score: 0.36261891694049275 Runtime: 19386ms
[4.727477653169385, 4.80690595496166, 4.994969292004662, 3.623990213682673, 4.241542822561788, 4.755618604366121, -1.1899223218699493, 2.081091785750663, 1.0565466491575768, 3.407128547338456, 2.865300397704229] Score: 2.865300397704229 Runtime: 19533ms
[4.910212334385823, 4.107185914488975, 4.8187126363335615, 1.1071659972146701, 1.3428436354896967, 4.911231169715058, 4.936982008088629, 4.915141404966141, -0.745534656805515, 5.0, 3.0695282462362217] Score: 3.0695282462362217 Runtime: 19348ms
[2.654609946708651, 4.933494141560361, 3.8576700741339685, 0.28392067623997935, 4.592846311475651, 4.954545154192216, 2.886814726488291, 3.708565388686546, 3.8185712916005143, 0.2264371077478233, 0.023543081199810877] Score: 0.023543081199810877 Runtime: 19392ms
[0.6961006359954, 4.463648580421021, 4.662708218200538, 1.7784054276260801, 4.300643834102361, 0.6060777842483963, 4.98126002181819, 2.053028179376189, 4.079201940294321, 4.516795355510688, 0.08400694669470424] Score: 0.08400694669470424 Runtime: 19475ms
[4.708714425522542, 4.261358703819989, 2.9383224812354225, 4.279476859300838, 3.7608524006041937, 3.3670441142484244, 2.2324118336853425, 4.714722884530283, 4.867552441404405, 2.0933717712021367, 0.4031274739025425] Score: 0.4031274739025425 Runtime: 19210ms
[5.0, 4.99663494549202, 3.6430835119218914, 1.0869849687893567, 4.424017672730937, 4.428829805052358, 2.2816143187601674, 4.821620093190331, 3.2007946711213404, 4.446203577593298, 0.5213835233775361] Score: 0.5213835233775361 Runtime: 19374ms
[4.987254800146273, 4.29833305150361, 4.887531201725829, 2.628048622608998, 3.72916952190317, 4.972050455511747, 4.9726352370358, 4.990750815517944, 4.9373109497708505, 4.975874252149173, 3.795089094479734] Score: 3.795089094479734 Runtime: 20663ms
[4.236555246809481, 4.970602704313097, 3.800930861727631, 4.9329600561975395, 4.802592200084122, 4.968294668055516, 3.8954715493278775, 4.682671554883375, 2.8981780200632024, 4.9115160758224565, 2.4282131717268083] Score: 2.4282131717268083 Runtime: 20666ms
[1.6600153501042987, 2.7113690941201227, 3.9333657179198553, 4.224628524542643, 4.353886831652247, 3.714078894843763, 3.501194718942201, -0.02987676030062183, 4.963749424622045, 3.6924057744223053, 0.21968549592827025] Score: 0.21968549592827025 Runtime: 20582ms
[1.2443037288519072, 3.6852455306162586, 4.412627783012987, 3.8468294022792704, 4.576416738826863, 3.840513218275111, 4.457654672061633, 4.981164885941307, 2.6781704741270675, 4.367455334685199, 4.435870576064549] Score: 4.435870576064549 Runtime: 20610ms
[4.776708255228411, -1.3182937030498147, 4.903925294059581, 4.792602132305356, 3.534694050569442, 4.588720814002371, -1.0224811265415232, 1.9167932766117692, 1.6073308528710455, 0.33377778201343317, 0.5303021840730642] Score: 0.5303021840730642 Runtime: 20554ms
[4.4561982233734, 4.812617654615971, 3.3808772255970845, 4.349265582677113, 0.8257757122064773, 2.9652666671697294, 4.277833224495394, -1.0234491233634335, 0.025116986043557443, -0.020885924732397754, 0.546434559029382] Score: 0.546434559029382 Runtime: 20468ms
[3.067167780716187, 2.511836075958512, 3.6109445451204016, 3.717980268858636, 3.0704589134005795, 5.0, 2.789942072028562, 4.998134734878264, 1.8577366968422329, 1.2477140628884573, 0.2007340173483731] Score: 0.2007340173483731 Runtime: 20660ms
[4.505501960282855, 3.333561450847542, 3.015354156792777, 0.43976916367029817, 3.91432038029985, 1.2068186979169961, 5.0, 5.0, 1.67562301804954, 4.741244559385351, 1.1194756857325754] Score: 1.1194756857325754 Runtime: 20480ms
[5.0, 4.932100089576512, 0.24218150981676065, 0.865113132015049, 4.678212543568045, -0.1396378668405543, 3.3718766637835507, 2.830467972847291, 3.130693886210821, 3.424041056396261, 0.02154476763085262] Score: 0.02154476763085262 Runtime: 20660ms
[1.9358925748392302, 2.9013059878794696, 4.205587610539023, -1.7910684637979808, 4.963323510755888, 3.5782871018218603, 4.239026460502554, 2.5501827364334027, 4.108974876459054, -0.7226984503674777, 2.2696435996146294] Score: 2.2696435996146294 Runtime: 20684ms
[2.0530781249961034, 2.9441365548607683, 4.292341763323872, 3.544259779545636, 1.119053795974709, 4.045039870531292, 2.594433088684619, 4.438397060861, 1.2337248916166417, 4.913356863610143, 0.32460023002109145] Score: 0.32460023002109145 Runtime: 20634ms
[4.224735628193596, 1.8999558529992782, 1.9626426799698538, 3.1961717537543337, 1.5166591328136216, 5.0, 1.4307428952200976, -0.31217015136484316, 0.42693524943413036, 2.0896338494798177, 0.8523059430477726] Score: 0.8523059430477726 Runtime: 20645ms
[5.0, 0.5912522416445557, 3.179568849539054, 3.747722458255895, 2.3854862404179475, 2.487451775107734, -2.5115932932202814, 4.319098950092772, 4.158161693953725, 3.2205533275002356, 1.8265681230496202] Score: 1.8265681230496202 Runtime: 20510ms
[4.90204983553281, 3.8115617723194477, 4.957216142971581, 1.93434206857767, 4.745724377598848, 3.8901966343342202, 4.695121055231843, 4.953441533195195, 4.452646505110142, 4.913311250161071, 6.033856053845562E-4] Score: 6.033856053845562E-4 Runtime: 20713ms
[2.3606801458247557, 5.0, 5.0, 4.738293279100432, 4.7671092701029085, 3.5041410218429405, 5.0, 4.589961763403205, 2.74586085299828, 2.5626841225876222, 1.343223028900722] Score: 1.343223028900722 Runtime: 20683ms
[2.752214498328255, 2.362427406165778, 0.6867169323571264, 4.5541203727269775, 4.360289236955332, 4.959889364040392, 4.906914513080824, 3.536893353635044, 2.754442312342631, 4.584384709958926, 0.5107447103636635] Score: 0.5107447103636635 Runtime: 20559ms
[5.0, 2.8487460249533316, 4.525539364466418, 4.450309887608842, 1.708297272829681, 3.286598433959371, 3.2393896242561944, 4.9043123755221245, 4.961676487040665, 4.72031401304024, 2.0410784913004005] Score: 2.0410784913004005 Runtime: 20513ms
[0.16133319392323484, 4.086734827759608, 5.0, 0.8987216992587169, 4.790605074853504, 3.8829261628349845, 4.327500992853207, 2.9961535894181055, 4.3887230943620885, 2.541819086400607, 0.27925695543448265] Score: 0.27925695543448265 Runtime: 20668ms
[2.299494380784903, 1.0893383820827827, 2.370649642060945, 3.39652457489499, -0.36077886123823727, -0.6360355134766983, 1.0774197839534145, -1.9801193283934986, 4.916260895942505, 3.6213155801783268, 0.19147471148816517] Score: 0.19147471148816517 Runtime: 20576ms
[4.701594083219281, 4.8158266560986736, 4.454981229319414, 4.9303568532624595, 2.884793167402492, 4.4466951354769, 4.375976882460917, 4.528551072183289, 2.380639943333669, 4.537409242174559, 3.645432526198472] Score: 3.645432526198472 Runtime: 20670ms
[2.498543500412409, -0.011008791175376158, -0.4852627414533127, 1.6643285714557357, 0.343050011983564, 0.21369781167038962, -0.49838801436915714, 2.1547837305562068, 2.8410299783251545, 0.8750997799805812, 0.36609987265901167] Score: 0.36609987265901167 Runtime: 20593ms
[5.0, 5.0, 4.993138945122351, 4.98186187264506, 1.787441880224813, 1.1638407778834479, 4.543647707471399, 4.936488227373881, 3.661686749185376, 4.93974507303507, 0.02472559995874457] Score: 0.02472559995874457 Runtime: 20465ms
[3.341246891336024, 1.4500048152168348, 3.3782519910305657, 0.5941624015782102, 2.7773213277259043, 2.8187038442696846, 1.2945279503359157, 4.454351961514589, 2.376367457999735, 3.460707104948354, 0.5830051604461097] Score: 0.5830051604461097 Runtime: 20559ms
[4.986925280970167, 4.486726379924021, 0.27821977108364276, 4.984034013244995, 3.911692621023644, 0.9802084554277802, 4.875095832930259, -1.098300227794285, 2.3310803301042875, 3.6458553909404565, 0.06175695436708101] Score: 0.06175695436708101 Runtime: 20635ms
[2.7170496258531673, -3.692445663628669, 0.7183429272462153, 3.301190517783589, 3.2407791161053794, 4.926983012149551, 2.355270326096744, 4.650935875255567, 0.5252003652863436, 1.1668476244549546, 0.08920318478537773] Score: 0.08920318478537773 Runtime: 20651ms
[3.511288037703078, 1.244611235812259, 1.382680707380012, 2.4128461180805285, 3.992488700025659, 4.9239567404225735, 4.939155244173222, 0.03603867313593251, -1.0337331046251534, -0.1196587459275441, 2.0455794788575257] Score: 2.0455794788575257 Runtime: 20645ms
[-0.3932440786474186, 4.435382139413974, 4.974543418168117, -1.2495372000709573, -1.9376290598140826, 0.4747082218786961, 4.042017359708978, 0.24605171992942418, 1.0852445103680148, 0.05277041702451473, 1.0331993203896885] Score: 1.0331993203896885 Runtime: 20623ms
[2.6161177205916286, 4.439269669385368, 1.819404040428267, 4.573553842077704, 2.1824578491502105, 3.2353062433489987, 1.4700830068763269, 4.939342969634828, 4.351238011170319, 1.939832297757917, 0.5403548063986088] Score: 0.5403548063986088 Runtime: 20619ms
[0.9180593083557835, 3.657464243995226, 1.6838620617269449, 2.43971893280489, 1.5674323424587249, 2.259690009168825, 4.334815349344175, 5.0, 3.3328144556041033, 0.1469356621995989, 0.2784451400086456] Score: 0.2784451400086456 Runtime: 20707ms
[4.992253484221849, 4.815825462227562, 0.1991015832189239, 3.146203934570711, 0.3811204608202241, 4.41388737001516, 1.370678269730977, 2.9628791114555897, 4.01343608787951, 4.803006974067222, 6.4147886358737125] Score: 6.4147886358737125 Runtime: 20671ms
[-3.699804088036012, -2.882376031012774, -2.665293268616127, -1.485653733369203, 4.044056065453478, -1.3732476689059612, 3.0528562543973248, -1.2965764040825007, 0.9108814314090234, 1.5462537348322463, 0.5638317394838773] Score: 0.5638317394838773 Runtime: 20500ms
[4.491677407680849, 3.6852051496962424, 2.4076942423291015, 1.0312412733457286, 4.988664826072277, 2.6900502945633344, 5.0, 3.6601775066222686, 2.7879147123614065, 4.991503761217954, 1.6469844454379943] Score: 1.6469844454379943 Runtime: 20690ms
[4.313544194926882, 1.7450584303646035, 1.066021903824278, 1.4793268955847443, -0.9673211883156193, 3.8830032550812246, 3.6655770281843214, 4.008012735353261, 4.776426493522774, 3.075970749503412, 1.168377836679135] Score: 1.168377836679135 Runtime: 20481ms
[4.783730398288531, 2.853013523862528, 4.92148122551218, 2.5631192448108124, -0.7449446071936554, 3.8338722895151895, 4.4209662265670335, 3.1374592455354193, 4.444267561769791, -2.1040912827980502, 0.5418293693224571] Score: 0.5418293693224571 Runtime: 20550ms
[4.0776620552033815, 4.0398621698689805, 3.6846021504581588, -1.1477775757166848, 4.128867885865475, 3.877706163558867, 4.520889458798686, 4.962079619073473, 4.878994590551247, 1.2275653972104594, 1.9107671121298877] Score: 1.9107671121298877 Runtime: 20687ms
[2.5120728712247313, 5.0, 4.997839752905468, 4.994336831404005, 4.987040949335627, 5.0, -1.648158959657713, 1.4136048876637322, 1.7805864011481805, 4.992099898432087, 0.42553131962139396] Score: 0.42553131962139396 Runtime: 20602ms
[0.23283957294088506, -2.6633389206610127, 5.0, 1.7746825448381138, 4.148504732977107, 4.850946970642026, 4.996552890298688, 4.720945356517804, 4.124515957068349, -0.7917722679982719, 3.498306615283322] Score: 3.498306615283322 Runtime: 20680ms
[4.708032017890328, 4.885322197038554, 3.8743689704642894, 4.895695607440013, 4.698891174500519, 3.283695641120726, 4.4717137483798295, 4.972136754700727, 4.227656684246153, 4.542561958242928, 1.9340893429650974] Score: 1.9340893429650974 Runtime: 20601ms
[4.9894489364570065, 3.7943465487915327, 4.348883439296403, 4.928304340488027, 3.9047504953696204, 2.456772596048533, 4.97344139271333, 5.0, 3.7011943267353247, 0.8526757679132749, 1.8374686185489122] Score: 1.8374686185489122 Runtime: 20567ms
[0.6093716986032897, 4.670553686395389, 3.984847747171532, 3.2818898429545236, 2.115515143606585, 3.753551536978023, 3.9534958059581604, 5.0, 4.725420223585428, 4.988812686741283, 0.6944146430432542] Score: 0.6944146430432542 Runtime: 20582ms
[5.0, 4.72278673633657, 0.06925291561477884, 4.202577923339404, 2.2838425363041672, -1.1830225529715488, 3.813351478478689, 1.9341593715313345, 4.044632796401298, 2.9590623911298115, 0.046194264818023016] Score: 0.046194264818023016 Runtime: 20530ms
[4.849699605455855, 2.9377879990050544, 4.98735346477266, 4.7324455827913585, 4.291002637550659, 4.973066140602802, 4.98868190425774, 1.1841284942859467, 4.045098157237621, 1.1879351556459548, 0.369891863349492] Score: 0.369891863349492 Runtime: 20652ms
[4.237190840331005, 2.3380090094481742, 4.987740497311223, 3.6104245062974236, -0.05921647837166926, 3.3160919429093907, 4.993303991726534, -0.07680766604823623, 0.2262457012997548, 0.6170648361590195, 0.623981189928067] Score: 0.623981189928067 Runtime: 20591ms
[1.4308522972825204, 5.0, 1.5217111424291763, 1.8178561446951047, 4.31068837251653, 0.7031461771359401, 3.050201162200558, 1.7860549506456809, 2.8519063986403665, 2.6787142274935416, 0.06604278773001475] Score: 0.06604278773001475 Runtime: 20571ms
[4.966882273858849, 4.965171632563139, 3.7106441769165115, 1.578203466802292, 3.9984176866459196, 3.6041018500863995, 4.9690542559510655, 1.3519675925151498, 4.782434823257121, 3.258887687921967, 0.8379150387181753] Score: 0.8379150387181753 Runtime: 20663ms
[0.8158404465891108, 4.677470863731565, 3.218544464979859, 3.087534364448796, -1.532294676644624, 1.7272481996468205, 3.404242134474526, 2.964524016690303, 2.457268888112106, 4.294605308673327, 1.6582101965119775] Score: 1.6582101965119775 Runtime: 20455ms
[2.304233566456507, 2.370003538772828, 2.67126737691978, 4.12050145305488, -1.2389323490418362, 4.7224307833936825, 4.495472413925985, 2.3819589338786993, 0.5188925483475414, 4.931979501849876, 6.799737964947905] Score: 6.799737964947905 Runtime: 20577ms
[0.8268474892750214, 2.839707553779287, 3.6030962221204983, 2.8211311307111653, 2.225262336795976, 3.2901724872449294, 2.072443402483818, 2.1267304372041593, 4.959630960599882, 3.787013817180447, 0.08006331886560013] Score: 0.08006331886560013 Runtime: 20570ms
[4.226762524517464, 5.0, -0.02431672337494855, 4.296732364092199, 3.4737632281087305, 3.4336374582792444, 3.3312637453648954, -0.8517906890053466, -0.2528383336454213, 4.193056760708172, 1.4171534541530615] Score: 1.4171534541530615 Runtime: 20499ms
[4.6671870146225904, 1.4951438311262486, 4.978015111409813, 4.852943598977816, -1.163912289096415, -0.6221668115104535, 4.921278919529479, 3.742537079714434, 1.8578077706744638, 4.228955375224437, 0.1735352323056201] Score: 0.1735352323056201 Runtime: 20509ms
[1.318231030630899, 2.7715523636387656, 3.6727516997927814, 1.7744745352542088, 4.926896018148237, 1.1040663011740788, 4.865474423961201, 2.4176442594577536, 4.9315476773065665, 4.045175929520201, 0.7071607404789522] Score: 0.7071607404789522 Runtime: 20610ms
[4.242123723224363, 1.4114391503960528, 3.25306964237199, 3.028800362783985, 2.8683972950791863, 4.492555074473938, 2.018755236621608, 1.1862102146073628, 5.0, 3.855691971721794, 0.2628665839246578] Score: 0.2628665839246578 Runtime: 20585ms
[3.781881166638721, 4.496515083368105, 4.709447673998489, 3.5904919855140682, 3.471752007652891, 4.027005844861223, 4.949564866248808, 4.970748685922146, 4.9921240904767235, 4.512823693932045, 1.467528900341513] Score: 1.467528900341513 Runtime: 20574ms
[3.9610669693067253, 3.218360736415565, 2.7516982795718734, 4.602762842510951, 1.3592319001657869, 2.2576619386100085, 4.677436299020902, 4.738324071177742, 1.0528971450451587, 1.5570793435996502, 0.06879630986004089] Score: 0.06879630986004089 Runtime: 20562ms
[-2.002760044162914, 4.757678960748678, 3.6120858031524126, 2.1632159697464313, 4.105506473045768, 4.88651961675769, 4.916118759722395, 0.8786225501213223, 4.288418892191886, 1.4883695040859704, 0.3401010152955711] Score: 0.3401010152955711 Runtime: 20536ms
[-1.9080389283808352, -3.2152669812294037, 4.373897531902642, 4.23158766355983, 2.170928221155538, -2.4270604633472423, 1.0683196461143851, -4.477042667172985, -0.9848998788958043, 4.475768291170628, 0.8026867268408954] Score: 0.8026867268408954 Runtime: 20536ms
[4.873671533384923, 4.992828784536056, 4.6106621193531625, 5.0, 5.0, 3.5581858137500304, 3.4848383493666932, 4.996009173070599, 2.883968057879415, 4.999200095822676, 1.0101516556421646] Score: 1.0101516556421646 Runtime: 20590ms
[3.69614430658525, 3.603612090584989, 1.2815477358582665, 1.7883302033695596, 3.182214414454307, 4.939786375824716, 1.0698527233995911, 0.04803791353443337, 4.3153616981544785, 1.9241878238643375, 0.38425418729267113] Score: 0.38425418729267113 Runtime: 20574ms
[4.434448269769161, 0.9830394197741212, 4.986821688813417, 2.7942244054021272, 4.437830651907324, 4.977237888099887, 2.686783846281665, 0.12479178370928924, 4.078206857774404, 2.3190081604663244, 0.5726747746058289] Score: 0.5726747746058289 Runtime: 20619ms
[3.4390365720829625, 4.993018249650168, 4.046113682671145, 4.220545312339776, 4.828633767911838, 4.046046906856601, 2.6986149865365974, 2.4113847955462284, 0.1784407677292531, 2.6317023358622063, 0.755623788898126] Score: 0.755623788898126 Runtime: 20571ms
[5.0, 1.865786174605463, 3.7827385036806263, 4.875318520262015, 2.9798139129723418, 4.345632643350036, 4.781963679785814, 4.54676124030695, 3.86623146915775, 3.317893381794338, 0.6304189608502033] Score: 0.6304189608502033 Runtime: 20488ms
[3.5895669074098806, 3.4285804092842693, 1.8893291059204393, 4.9850284619286285, 2.50473662575601, 2.038642864277935, 2.7705304669606785, 4.094884299003093, 3.6048652994875, 2.945986391970508, 0.10589919870625701] Score: 0.10589919870625701 Runtime: 20568ms
[4.965274772807932, 4.719958297036305, 4.846446981023478, 4.913016218747114, 4.9269888789598, 4.956321232267838, 4.895741862829399, 4.983739427983722, 4.159058163594418, 4.96618949146684, 0.5160887939969626] Score: 0.5160887939969626 Runtime: 20714ms
[4.420442525520438, 2.9898458836783237, 4.874455721422324, 4.997686743178181, 3.298211269670983, 3.2338512387809235, 4.499062108360645, 4.067605416406606, 4.723547134660073, 3.6016827585746243, 0.19367848400897167] Score: 0.19367848400897167 Runtime: 20598ms
[1.8606517163181229, 3.482497706690056, 1.856077664788772, 3.9501039955145445, 4.214436805340811, 3.3179879726062373, 2.8661315267114595, 1.1259130659630787, 4.95726209907549, 0.35325611112240035, 0.02813446581608243] Score: 0.02813446581608243 Runtime: 20582ms
[5.0, 4.972952962460099, 0.8723740859804421, 3.0989299170737215, 2.137235328897434, -1.672277573646619, 3.3988675772113415, 4.31428035112462, -1.2256945000455504, -2.9326021677169893, 1.816158598582972] Score: 1.816158598582972 Runtime: 20539ms
[4.567724322883657, 4.91215848822397, 2.827862002183277, 4.992367676774381, 2.5303682079574585, 2.1244428620248033, 4.151515673175455, 5.0, 4.83369952709558, 4.885483272916406, 0.02563843440627283] Score: 0.02563843440627283 Runtime: 20538ms
[-0.4817404844317188, 1.460316804021879, -1.4909525066777132, -0.9306027921211216, 3.0509698042376767, 1.2986538988217726, 1.3804733169858707, 2.255250337295618, 4.106479274284376, 3.4369703477455813, 0.6457901119931813] Score: 0.6457901119931813 Runtime: 20536ms
[4.975115637120526, 4.811068455893031, 1.2776872563792323, 4.26465692887699, 4.826338252264589, 3.5321756958057287, 5.0, 3.0712359460731187, 5.0, 1.2581729310555534, 0.17190107844480387] Score: 0.17190107844480387 Runtime: 20553ms
[1.3315272485070655, 4.960112255232837, 4.323883084261949, 4.11236675317303, 2.9903177153486964, 5.0, 4.734927994495726, 1.1247515191269624, 4.654677561596489, 1.0200146120195899, 0.10727204251098825] Score: 0.10727204251098825 Runtime: 20526ms
[3.8380149503794936, 0.9253955108785402, 2.8333514558089674, 1.8819193299611445, 4.896401344171552, 5.0, 2.0740705917944156, 3.787725938409447, 4.057085752424751, 0.1600695499065351, 1.10729831229806] Score: 1.10729831229806 Runtime: 20610ms
[4.727016761072226, 1.9270659718471508, 1.0740178055484426, 1.4211745742614212, -0.020466088878216913, 0.8705381533494718, 0.6332128638953817, -3.751074363250461, 2.044850393947765, 4.585996431339904, 0.8037444119127147] Score: 0.8037444119127147 Runtime: 20406ms
[4.65127335835538, -2.3849672404831326, 1.2819485644065607, -0.44153603055339513, 4.875439238747475, 0.6916294552347981, 3.448394158878659, 4.866253179185568, 4.235707612480062, 3.0142654302011564, 0.035065812079765155] Score: 0.035065812079765155 Runtime: 20439ms
[5.0, -2.911507779594461, 3.377313726638266, 2.574576950963196, 2.502348483585802, 4.32669991726168, 0.35265142094257473, -0.21008639820023345, 4.914850497276733, 4.5434941486964835, 0.4719749225989814] Score: 0.4719749225989814 Runtime: 20423ms
[2.3031404336132315, 3.1647532652266346, 2.2792342966225427, 5.0, 4.813376950012782, 4.7736107914789345, 4.923982774781277, 4.438699324588985, 0.6419000763472593, 3.3934911437021014, 0.6721960361854024] Score: 0.6721960361854024 Runtime: 20533ms
[2.8193173895927766, 2.709065786784328, 0.20026224221796302, 4.782729036734024, 4.9934843342540605, 4.614128593081107, 3.373665639443469, 4.630063434884222, 2.6397358189552307, 4.464122786474415, 0.33428039768954176] Score: 0.33428039768954176 Runtime: 20601ms
[1.6880484212202231, 2.7627518677864216, 1.6861981396443775, 0.9554727977873084, -0.021168729054494104, 1.3644557577098058, 2.6472613404946617, 4.548408905974954, 2.3665752923396615, 0.32221551650372926, 0.47436735923285933] Score: 0.47436735923285933 Runtime: 20565ms
[2.9274970006406913, 3.7544133055479603, 0.8139291658150108, 3.6087099880962117, 4.939511461992796, 2.55655235485912, 4.395253798634059, 4.601522969267773, 0.972875931664936, 4.580336577317023, 0.8586666655760766] Score: 0.8586666655760766 Runtime: 20539ms
[4.80012379039904, 4.529074525995839, 3.0959366706524394, 4.549326059528507, 4.970913836298664, -3.0893274058761495, 4.115018598152222, 4.997999999999999, 5.0, 4.781660173044549, 2.1667502575721347] Score: 2.1667502575721347 Runtime: 20509ms
[1.3885110252154764, 3.540336764701969, 3.4502958211562054, 3.525456227503059, 3.848270520278827, 4.758694273624544, 3.218178550186087, 3.573627103015957, 4.928960933075993, 4.549234143091162, 1.21602909116425] Score: 1.21602909116425 Runtime: 20569ms
[4.665426116986889, 4.508580659274138, 3.9698380257004002, 4.061877513699482, 3.5468019828874153, 3.070872287046064, 1.581308551120357, 1.766947926417006, 4.296580742788753, 4.869420521609537, 0.16963712646591345] Score: 0.16963712646591345 Runtime: 20491ms
[-1.0156269528286372, 4.958005614524527, 4.463879803443348, 4.619700596745545, 3.9952220450460834, 4.497933827265488, 0.11102352278157572, 2.456686318982136, 4.0550208573703825, 4.447788238122945, 0.941449432451978] Score: 0.941449432451978 Runtime: 20529ms
[3.3766610729520865, 4.780992452561933, 4.917660096065671, 4.850416806202475, 3.1699530889680054, 3.90019557685027, 4.205550033214452, 5.0, 4.543447380813783, 4.34546231786885, 1.645413139550417] Score: 1.645413139550417 Runtime: 20599ms
[4.564553815139565, 4.701079473188932, 2.84003125560171, 2.5130343748644766, 0.28645168821175127, 4.099964632452251, 4.9382411427247, 0.8069384080395117, 2.695135652205725, 4.011723147035743, 0.1221507435479163] Score: 0.1221507435479163 Runtime: 20549ms
[3.8605777460135022, 4.312105739050426, 3.4965458748545286, 4.770779401501377, 3.679873062319608, 4.305437510112242, 4.578769989488348, 5.0, 4.47226415739431, 4.922230648669888, 0.11586512082653982] Score: 0.11586512082653982 Runtime: 20516ms
[1.094425250313261, -1.5056629584017494, 4.174293914799483, 4.622049282038511, 4.935258784571237, 3.8405278717337072, 4.946433805906044, 4.5146146817971395, 1.0559273789409067, 2.0654055714507473, 1.0284769359738477] Score: 1.0284769359738477 Runtime: 20622ms
[4.914616447959983, 4.394097612033624, 3.7531883679702114, 3.4991695957233486, 4.284563360289775, 4.9960491561275155, 3.4598731042385613, 4.074846210879472, 2.178123861032778, 4.940791780267344, 1.2737039723999966] Score: 1.2737039723999966 Runtime: 20545ms
[2.807168153948845, 0.6212939370181347, 4.987954781495039, 3.6698468167284726, 4.9761094119314935, 4.027026307504015, 0.12943484396781468, 0.38918646902607495, 2.004337325736185, 0.5032427399854273, 2.1436357579014795] Score: 2.1436357579014795 Runtime: 20472ms
[1.408421642968217, 3.863371627005892, 4.938397582199869, 4.699389412221097, 4.639420663489541, 1.3899886302595892, 4.930097735628605, 3.3482077925625497, 3.2056973056081386, 2.724099340484732, 3.3206693351341867] Score: 3.3206693351341867 Runtime: 20623ms
[4.848370590995454, -0.47724217304363953, 4.919756442387206, 4.916246222847173, 4.889408020886268, 2.7490498289738152, 4.917629143279573, 2.512984836708498, 2.638572879794014, 4.803974595536091, 3.727278691404388] Score: 3.727278691404388 Runtime: 20524ms
[4.648372811926831, 4.948265384067835, 3.3732850660954474, 4.16703105976663, 1.300916756813842, 4.586794003865342, 2.5891781968646743, 5.548447622471383E-4, 2.3599638301677786, 3.4411258679602215, 1.3049222475950777] Score: 1.3049222475950777 Runtime: 20494ms
[3.0203749582313177, 4.352034336170753, 4.27954816103403, 3.4041521246821933, 3.775432868974652, 4.633577524471589, 0.19366473203390872, 3.758874988823594, 5.0, 2.0439033202251937, 0.28177593661711875] Score: 0.28177593661711875 Runtime: 20603ms
[2.7243114019449197, 1.672720865196586, 0.5606631091989291, 4.485127564160945, 3.3966154985559585, 3.5498915700574276, 4.101176811924747, 0.4271583907591336, 4.737708332561346, 3.95993885577165, 0.6379696625546738] Score: 0.6379696625546738 Runtime: 20581ms
[4.1207718131387985, 4.57152569822686, 1.801138686352518, 3.1468744285142884, 0.580413697161461, 4.374639627368371, 3.035556426010568, 2.6604908201175697, 4.13096415383875, 4.907810349355946, 0.09186304630790917] Score: 0.09186304630790917 Runtime: 20665ms
[4.348603005902189, -1.661231518412272, 3.1521233279637846, 4.991542408750917, 2.294577848039105, 2.6950076513842953, 4.783784310610237, -0.7640908141722047, -1.0464530724530217, 4.686524780498817, 0.7684626221795622] Score: 0.7684626221795622 Runtime: 20630ms
[3.993394659498995, 2.85903496483182, 4.990697749380917, 4.978002950493393, 4.4882075677449995, 4.383633115177234, 0.7663681730559958, 4.821848330346757, 3.863069422497437, 3.2344767726195753, 0.043256812546706956] Score: 0.043256812546706956 Runtime: 20567ms
[2.8501769569353543, 3.943135874099587, 4.72489701866619, 4.005216672556695, 4.7709362927384715, 4.754799592575288, 3.1990126015206983, 4.90900185132389, 3.6357421538721897, 0.9281130948550663, 0.3109196689422953] Score: 0.3109196689422953 Runtime: 20505ms
[4.973643413049629, 4.103713928865938, 4.814835516814097, 4.271634357475982, 4.625169428387417, 1.9948193361596878, 2.984660694144733, 3.594242625996265, 4.472658059973325, 4.992136301344625, 1.7522365889215843] Score: 1.7522365889215843 Runtime: 20514ms
[1.4188797790992682, 2.7334320682321236, 1.3789431755580426, 4.835477288245327, 1.5618963630805354, 4.957920511354664, 3.0531500582582063, 4.945780091482865, 3.8555572531210918, 2.6494019155265343, 2.860968100865575] Score: 2.860968100865575 Runtime: 20674ms
[3.296786815226744, 1.7241904890287851, -0.4838034957209904, 3.7710230597205103, 3.79650771148856, 2.491051996257564, -0.29386427078899474, 3.5579008207451692, 3.631799826710272, 5.0, 0.673136118150694] Score: 0.673136118150694 Runtime: 20640ms
[4.9655915270638555, 5.0, 4.975772265462494, 5.0, 4.297490889910042, 4.136332048623814, 4.979360934935456, 3.7106233909659383, -2.4702980348842183, 4.015729261979497, 1.5105489844271562] Score: 1.5105489844271562 Runtime: 20635ms
[4.993187208325711, 1.0775704528019963, 1.0263065525363102, 2.7322223818874436, 0.3900140934039317, 3.1933213583056927, -0.4907709187425234, 3.3897657939577504, 4.12097708984432, 3.8941458805972395, 1.658103910041908] Score: 1.658103910041908 Runtime: 20624ms
[3.2277605918576544, 4.011486532058374, 2.266084976605541, 2.9693673148932995, 3.4179848763987053, 4.739198517451982, 4.178212016094257, 5.0, 1.3962574143322186, 3.7607401313586717, 0.9785722439114185] Score: 0.9785722439114185 Runtime: 20496ms
[2.9932846047194492, 3.7430932163025092, 3.8707090816846863, 4.987531357510269, 4.989586870217148, 4.847057455878766, 4.1928802137641314, 5.0, 4.9851269814624, 0.06452591779467651, 0.3578096986448428] Score: 0.3578096986448428 Runtime: 20601ms
[2.394906970084767, 1.1554572981474758, -1.777103368274741, 4.02370143478492, 4.086232587747079, 4.413424939322762, 0.8955948897925681, 3.894367111072524, -2.9597632751156446, 4.251071752201853, 0.23068872303678895] Score: 0.23068872303678895 Runtime: 20465ms
[-1.3185340052328394, -0.5318095327734659, 2.0733421806327543, -2.4898936458923564, 4.973706745944013, 0.6622857944411952, -2.4728533609587195, 4.303815042407701, 4.908199708767999, 3.1512443660344895, 1.954080663703262] Score: 1.954080663703262 Runtime: 20551ms
[2.1025410727795184, 3.31775190933303, 4.725673263010826, 2.8921913856616683, 4.561971089790917, 4.7762353949686975, 3.715430335929015, 4.891251648715965, 2.2404946593772634, 2.1574390292498276, 0.7844092662084217] Score: 0.7844092662084217 Runtime: 20464ms
[-1.4397147248707634, 2.5370309766308448, 2.319716116766478, 4.8582432886653155, 3.973845028386594, 5.0, 4.216331087266515, 4.947766040955481, 4.81097820739802, 5.0, 0.17436046229876603] Score: 0.17436046229876603 Runtime: 20566ms
[4.5854233696432045, 4.875115050035014, 4.387937305536514, 5.0, 4.930403614694966, 5.0, 5.0, 4.385876989438302, 3.725289824437566, 5.0, 0.26166965332810155] Score: 0.26166965332810155 Runtime: 20583ms
[3.0214945851635644, 4.996826137450137, 3.783443542239875, 3.3726103648684216, 0.567718872227694, 1.1633112841832667, 2.418177513569319, 4.9912982633323635, 2.9478161308309483, -0.6870832671833212, 3.0104461489321483] Score: 3.0104461489321483 Runtime: 20537ms
[4.890916703477447, 4.977475679757099, 4.187370087457475, -0.7378151842200943, 1.5022823029142227, 3.514694341677683, 3.9886611578199425, 3.529012426148572, 1.5870807233571083, 4.966337581697355, 1.10186375441983] Score: 1.10186375441983 Runtime: 20431ms
[2.6744522435759577, 4.0015801148914445, 4.7928984319587205, 4.004036984533005, 5.0, 4.894939898402944, 5.0, 2.9649944255118483, 4.265291921580579, 3.4494521063271186, 0.500740274634544] Score: 0.500740274634544 Runtime: 20638ms
[3.368056149899198, 4.107554485888309, 4.563806032215567, -0.11599549659985917, 2.8124202930734814, 1.523116439638164, 4.382718010598318, 3.665105943933285, 3.961667096336044, 4.84705121567636, 0.3666595215393958] Score: 0.3666595215393958 Runtime: 20514ms
[4.153599744519639, 4.9526858418514825, 4.758116406617161, 2.906486788693708, 4.969125123821924, 2.776738023303093, 3.7083773864418794, 2.6113650865242284, 3.1132471343504338, 2.0232569931338586, 2.379805656936992] Score: 2.379805656936992 Runtime: 20500ms
[3.678991345160155, 4.841976261077451, 4.155772991715675, 5.0, 1.2942770549107967, 3.543469580092257, 4.723818731645901, 4.120194701943629, 5.0, 0.8514480655999764, 0.69258420491268] Score: 0.69258420491268 Runtime: 20558ms
[1.0427287494899604, 4.978391686892042, 4.982227400474288, 4.793216926439332, 4.813866420826028, 4.448304534705131, 4.8684132176543775, -0.8295797197774669, 4.921947814207396, 3.032564487860718, 2.041405307458289] Score: 2.041405307458289 Runtime: 20524ms
[4.66879453936112, 3.535231333596312, 3.0301316458573764, 2.2285521968042676, -0.040086944991801536, 4.831530526317678, 4.781276490673389, -1.2002405565067262, 1.3363517161120129, 4.894540002777671, 0.6460779828998325] Score: 0.6460779828998325 Runtime: 20519ms
[3.6084615474091644, 5.0, 3.865483052594682, 2.384192562139913, 3.9491231521658583, 2.0928778808602266, 4.784109213393275, 4.637346326393631, 4.539498345833487, 4.018165661221943, 1.7328423915255031] Score: 1.7328423915255031 Runtime: 20605ms
[4.589904258454464, 2.019661748275459, 2.248209704505814, -1.8418632007861488, 4.4212099095365325, 3.939771395821705, 3.7846652108382433, 4.047447431282885, -1.6771996390797332, 1.710364342171462, 0.263451372895992] Score: 0.263451372895992 Runtime: 20536ms
[5.0, 4.291391590034918, 3.9888171662661125, 3.6428121974489542, 0.7735770527358377, 5.0, 5.0, 3.0170205288986276, 4.994937782076571, 3.058086345079327, 1.3310682945359602] Score: 1.3310682945359602 Runtime: 20612ms
[0.7948991933537077, 2.3040980417184236, 1.2414567460995787, 3.7786299654410995, 4.577571089855134, 4.72807261764473, 4.937241964149504, 4.172891549510862, 5.0, 4.6713551167802985, 1.1587957318111424] Score: 1.1587957318111424 Runtime: 20522ms
[4.962492054594305, 0.5541389453714124, 0.9311828654379816, 3.6984063883774576, 3.5831806009113425, 1.657002599123731, 0.43329921702266666, 4.102991066790536, 5.0, 3.0888212332393636, 0.017256869841593938] Score: 0.017256869841593938 Runtime: 20561ms
[4.563751103938123, 4.924220817358011, 4.3019683328654, 4.667168415761659, 4.9942016790653305, 4.992333998812503, 4.7030801680424785, 4.961822185673383, 4.8443220843613215, 4.79377213985927, 4.688106528350383] Score: 4.688106528350383 Runtime: 20648ms
[4.513014171944428, -0.5312989167507132, 4.993773604171989, 2.9220954395563603, 4.990446792565045, 4.995661332332053, 0.17809737994136288, 1.507160218495077, 4.545043558295471, 5.0, 0.10523352969000219] Score: 0.10523352969000219 Runtime: 20518ms
[3.0415185372061115, 2.3960064240330796, 4.035729518371478, 0.21392434859671117, 2.8396147042655757, 4.523248931369062, 4.262718345591555, 4.221793668543867, 2.6926502525569855, -0.30931533314044884, 0.1019732036134264] Score: 0.1019732036134264 Runtime: 20616ms
[-0.9002960189027995, 2.852991932507266, 4.739501364348519, 3.4879723494056885, 0.513691932193859, -0.21879954605726373, 3.0453988881402703, 4.983306082219728, 2.306976471595002, 2.2435158635846553, 2.9928231976151376] Score: 2.9928231976151376 Runtime: 20648ms
[-0.7720859071179202, -0.5144367223418642, 0.3572396499829168, -0.15436348714364784, -3.939331168264077, 4.122883062721983, -3.3847091471385684, -0.518286757971156, -1.7676739297466362, -3.881448068585417, 1.5312412511995324] Score: 1.5312412511995324 Runtime: 20522ms
[3.8383538156937207, 3.19927459492807, 3.8324052197698864, 3.684086914026564, 3.0470060828854457, 0.6945931489260757, 0.5615233537123806, 4.444586032300576, 3.055038018312873, 4.145188601864189, 1.7062892456274712] Score: 1.7062892456274712 Runtime: 20417ms
[4.968131259394159, 1.313127097505202, 5.0, 2.2317699888045697, 4.138667225753114, 1.6463566957489517, 3.7321912662070336, 3.8371550931179397, 3.2200927443682255, 5.0, 0.4923539860075984] Score: 0.4923539860075984 Runtime: 20628ms
[3.0944451690878925, 1.9364689694937418, 4.005008895106805, 2.792732382648019, 4.89326513227871, 4.781525030148724, -2.5934411015896845, -0.7184932711202103, -1.1139091342332168, 0.9576696967538965, 0.5459293635375793] Score: 0.5459293635375793 Runtime: 20532ms
[3.3547938262051087, 4.530060966096822, 2.8512963085472247, 2.1159122841014164, 4.720049296189086, 4.70037016916509, 2.7357967691906477, 3.5017713157060744, 3.2292110482073846, 3.4211205362917574, 0.030364538206352976] Score: 0.030364538206352976 Runtime: 20600ms
[3.753694225510332, 1.7229612790801696, 2.544243757774262, 4.881349971246557, 4.8292781405251, 3.3010506484673283, 1.912646752323698, 3.921453996709243, 4.921976495463034, 4.016668066374459, 1.3359424124151817] Score: 1.3359424124151817 Runtime: 20563ms
[3.0969512723363315, 4.971884834769488, 3.862672528441654, 4.896146762395342, 4.964642323766114, 4.934083249415122, 4.945469508022281, 4.8612288345374255, 4.203803552628197, 4.770691499205358, 0.04780191076138281] Score: 0.04780191076138281 Runtime: 20535ms
[4.4690657517199535, 3.761142168074831, 3.6683118603587337, 5.0, 3.4576567341318265, 2.5119240501050655, 4.989438826218606, 3.6780506649799003, -1.3968130625302508, -0.4826487461815808, 0.24394345502965847] Score: 0.24394345502965847 Runtime: 20600ms
[2.7894601833204535, 1.3576712628057515, 3.3328932593668306, 4.348491021344225, 2.882197154060186, 2.9465803816184573, 4.930117735356378, 4.992482855252527, 2.3544747529837804, 4.505278018046987, 1.495188678981253] Score: 1.495188678981253 Runtime: 20615ms
[4.99182199218308, 4.975296490564418, 4.085308302503849, 4.968788902677213, 4.18701618253076, 2.2715997806944634, 5.0, 4.221255314280545, 4.9244944299714115, 4.95895037642687, 0.3295050754421472] Score: 0.3295050754421472 Runtime: 20577ms
[3.3939752450192784, 2.61762421970622, 4.708867891248004, 4.978722965510588, 4.989547619227333, 4.016625957985437, 4.419635806849384, 3.987014488858782, 3.274346099489652, 4.968196253565395, 1.355732084867751] Score: 1.355732084867751 Runtime: 20576ms
[4.633716522597663, 4.605997763601492, 4.759096950532284, 0.97631274845088, 2.901915113622763, 1.3900597889418569, 2.809071185295105, 4.794815800176616, 1.8754282574984011, 4.6660983330342525, 2.285270934596339] Score: 2.285270934596339 Runtime: 20500ms
[4.320220159471784, 4.996664026378917, 4.9751237726273825, 4.985708216516713, 4.568677787158029, 3.4019701085829674, 4.084775309266422, 4.915476850001392, 3.6413486310128604, 4.95466581901174, 0.7584755083688872] Score: 0.7584755083688872 Runtime: 20530ms
[-3.363251381881389, 3.0566564673794745, 2.152051543765918, -0.38511253227829195, 0.7870699398138543, 1.1472966807924048, 0.2377619607636326, 3.9638107474289197, 5.0, 4.432795923414356, 0.3873994415724761] Score: 0.3873994415724761 Runtime: 20619ms
[4.998113450440739, 4.972247882899538, 4.855810497366189, 4.977867268831235, -0.44649017260562807, 4.093104301993189, 3.706040261857185, 4.777940166459285, 3.254438662468227, 2.5089484975203784, 0.3585585837952537] Score: 0.3585585837952537 Runtime: 20590ms
[4.691032968635083, 3.1330077082790706, 2.782755129446346, 3.6470902797628417, 3.358390601279359, 2.0736614060813574, 1.5430378600194188, -0.721504720381747, 1.3226410498787866, 3.045609150529573, 0.14573590088726648] Score: 0.14573590088726648 Runtime: 20551ms
[4.997821589881686, 4.380923242302361, 3.537778992200303, 3.02890246671997, 4.918963279870268, 3.7495199526835257, 3.4347188885153566, 3.893588750093352, 4.973220620326819, 0.7510599374751163, 0.19126863972442854] Score: 0.19126863972442854 Runtime: 20334ms
[3.9113972723575365, 4.991582823277527, 2.5555210033365174, 4.5184343578557975, 4.072669138653525, 4.760773219739947, 1.4302968419728472, 4.85989283304406, 5.0, 3.156577003617192, 4.378440290633754] Score: 4.378440290633754 Runtime: 20444ms
[3.4033240751314797, 5.0, 4.258716978170949, 4.591379253814591, 1.4945141137504292, 4.533112035477436, 4.947712698413622, 3.3236580057816485, 2.449229752771289, 4.8650568270964, 0.044945756794154745] Score: 0.044945756794154745 Runtime: 20453ms
[4.264270092913084, 4.052435296363894, 4.255818995730081, 5.0, 4.997999999999999, 2.310274935065167, 4.565300673609831, 4.943584265464966, 4.9560111784089305, 4.925751704465108, 1.0624569435327889] Score: 1.0624569435327889 Runtime: 20691ms
[4.8032563561246935, 4.952964350570442, 4.881162690841947, 5.0, 4.884710833857031, 2.023406789686985, 4.965918691108024, 3.8625701374831842, 2.649434490532394, 2.3653619013754286, 0.6169307037596214] Score: 0.6169307037596214 Runtime: 20358ms
[3.318291765105085, 4.936165472500058, 5.0, 4.640582191026176, 3.3836447138933115, 4.829492991230432, 2.4908271168013445, 4.96356231688636, 4.734411965379123, 4.687556374772038, 3.591493575630337] Score: 3.591493575630337 Runtime: 20393ms
[4.257311961110447, 3.7254055499499605, 4.6263680105781235, 4.16136857630219, 1.1251165766358615, 3.209197698179623, -3.459725257340682, 0.9673549429935981, 3.953910264155464, 4.8648173358956885, 0.5149241093412072] Score: 0.5149241093412072 Runtime: 20424ms
[3.9067182462036807, 2.6920541195271515, 4.9119870486211, 4.974963873285049, 2.7606554902710383, 3.162660439289941, 3.7494198211189573, 4.655499522151595, 2.2829807515760323, 2.4904875639054267, 0.9807593088833644] Score: 0.9807593088833644 Runtime: 20474ms
[1.687025693466301, 2.125398798096048, 3.583827272861773, 4.985421337246872, 4.624324789441271, 2.6387421426095643, 4.408100356484672, 4.705490392865985, 4.969299325909917, 3.641193897011295, 0.9232101255793537] Score: 0.9232101255793537 Runtime: 20429ms
[4.780938464696332, 4.543211619471576, 4.991336772584127, 4.856816243567899, 0.6164480650415602, 3.864727446725751, 4.265315473565572, 2.1628919270867457, -0.054460363082276905, 4.177857952481029, 4.02724703642156] Score: 4.02724703642156 Runtime: 20312ms
[-4.901723174811751, 4.843389707157245, -1.2770826669805442, 3.7833318921213177, 0.8283510550871244, -1.152811556409082, 4.359615984205586, 1.0981349114595285, -2.0232787695244436, 3.2055754629249136, 0.09295843749581888] Score: 0.09295843749581888 Runtime: 20502ms
[3.2132855113209695, 4.807452621215604, 4.881752803379434, 3.539788938363306, 5.0, 4.995048952637015, 3.879941305206547, 1.2571560381983713, 0.34412720704021627, 0.49756773644761804, 2.614060771078033] Score: 2.614060771078033 Runtime: 20678ms
[2.0399666026404564, 4.994498640785184, 4.634441078585945, 1.170774507308571, 4.9277781996635985, 4.804517910536768, 4.9341850027733845, 4.864221254201175, 4.286814431916478, 4.303691715753707, 0.030788602407800084] Score: 0.030788602407800084 Runtime: 20675ms
[1.618487175397755, 2.3466319662030783, 2.4780655998314756, 3.6943145636364747, 4.947660731568595, 4.920230284350745, 4.653098126663452, 4.063392192766998, 4.503298330502018, 1.6314304306046588, 3.3017063792170234] Score: 3.3017063792170234 Runtime: 20767ms
[3.028643078479127, 4.103273906310555, 2.0511638366432363, 4.668756767631003, 4.411653512468907, 3.0891914569804437, 2.499402599547847, 1.6502651443355203, -2.5840830339454786, 4.7065478166072525, 2.183341506104986] Score: 2.183341506104986 Runtime: 20672ms
[1.5043771789203428, 4.6685378315234365, 4.960002924075724, 2.1145242037187324, 3.4495672982318646, 3.9616606700066384, 4.419706400025341, 3.7937431258661776, 4.973573372754858, 0.19333928893674687, 0.6314204824586523] Score: 0.6314204824586523 Runtime: 20609ms
[2.510654571568837, 4.369155063734207, 4.522457679329567, 3.3858185004117556, 4.962596611840286, 2.328612291534014, 4.648356075975964, 3.0737592216425216, 1.077858025247592, 0.42911574589055373, 0.760228014871953] Score: 0.760228014871953 Runtime: 20423ms
[4.234703987852418, 4.854490302764968, 2.9740562598812055, 4.0956550241238245, 4.895778435617228, 5.0, 5.0, 5.0, 4.981827913694761, 4.98396968853879, 6.193205928579706] Score: 6.193205928579706 Runtime: 20554ms
[3.261244420367791, 4.372062728960886, 2.688092841393439, 2.8907253097679138, 2.7093985535880183, 4.092158106597953, 3.7359286795106033, -1.5548521257685215, 4.661429006190924, 4.766595206884838, 0.23283040039212072] Score: 0.23283040039212072 Runtime: 20576ms
[3.9130895789901468, 1.9702324475520197, 2.564309456575018, 4.99253189703473, 2.0087364003954797, -0.4294780054699769, 3.0558109474711976, 4.141962020647747, 0.8778066075591541, 4.995387818949251, 0.27779097735874003] Score: 0.27779097735874003 Runtime: 20719ms
[3.9924363277270256, 4.526197712668903, 4.356804681681099, 2.904944351877937, 3.435050385373388, 2.6176063146395703, 3.1454030010354104, 4.587860707806803, 4.998469672003149, 4.984363420484991, 0.19219589371554557] Score: 0.19219589371554557 Runtime: 20829ms
[2.555670145106958, 4.75925367020949, 4.966397713592848, 2.176657907109838, 4.65284051771056, 4.986547767378156, 2.374883998610495, 4.397597859886006, 3.2791506623119115, 4.984528543799634, 0.2512563879331005] Score: 0.2512563879331005 Runtime: 20672ms
[4.933623422794432, 3.590738424433273, 4.191720356336267, 2.940048190535217, 4.942612737379873, 4.889783615903214, 3.2952271618597897, 3.7040678865023344, 4.317640999086522, 2.9960447088002136, 3.576747354137826] Score: 3.576747354137826 Runtime: 20255ms
[4.994121644469892, 2.5338771215423694, 3.455967889116874, 4.897900926715325, 4.076957146963169, 4.891250405079075, 3.219936433806571, -0.32644816246754677, 4.207821534476346, 4.887590640023853, 0.45681806636442107] Score: 0.45681806636442107 Runtime: 20217ms
[1.014037871693517, 4.7765982970858545, -1.5866538414674893, 1.8306225251055477, 5.0, 5.0, 2.081041581832415, 2.3270852708613696, 2.8982245511668054, 3.4660072496737686, 0.4317468641809533] Score: 0.4317468641809533 Runtime: 20344ms
[1.0895986782697133, -2.7676967671984034, 3.0613699240869545, -0.8973978862987216, -2.9964485314152536, 4.9638234545228554, 4.936435875699104, 3.6085621896863525, 0.4969204637761683, 4.7892838216206215, 1.0539841332731001] Score: 1.0539841332731001 Runtime: 20509ms
[3.4550074625591276, 2.094903953119615, 3.38440049636685, 2.1777069292243825, 3.453174783737377, -1.4597456311920567, 4.239920534320011, 2.664901421634502, 3.5328117666334955, -3.472237747461672, 0.6072471153956358] Score: 0.6072471153956358 Runtime: 20246ms
[3.929963029110093, 3.7347147140542396, 0.1424274518111692, -0.5813523956982534, 4.787964965267243, 1.3772435370848646, 3.106886459665475, 2.386397394821811, 3.8300963249821, 3.633084952078656, 0.02399549182657182] Score: 0.02399549182657182 Runtime: 20406ms
[2.6036624193471756, 3.9802732749997527, 2.342043561764712, 4.984704384896916, 2.9938733139600218, 1.753876522568061, 4.925605537577417, 4.993139128366211, 5.0, -3.24706194882043, 0.6443789865223909] Score: 0.6443789865223909 Runtime: 20325ms
[4.999436641613298, 4.880499813442285, 5.0, 4.606359903832155, 3.9967319442385993, 3.7044549105475117, 0.9892856737603615, 4.383566189954075, 4.998126199981022, 4.9546813785002835, 0.024470920443594012] Score: 0.024470920443594012 Runtime: 20450ms
[2.293373373037435, 3.260515372784393, 3.9349407292282788, 1.7322008106120905, 5.0, 4.964874349149095, 2.9440070861046954, 0.26717313633133355, 4.753162094505878, 4.917184441055042, 4.119302262468199] Score: 4.119302262468199 Runtime: 20401ms
[5.0, 2.891138236770327, 4.390491242083894, 2.0086705777832146, 5.0, 3.3957585034255797, 2.701497033776868, 1.6135958841404, 4.654592410462152, 1.969472012321189, 0.7183432629485903] Score: 0.7183432629485903 Runtime: 20349ms
[4.818637259453262, 2.339191325833606, 2.2886163491871847, 2.1835208711291267, 4.759052630651607, 2.011614922314254, 4.640129813395488, 4.072705539487456, 3.976281906596002, 1.1135686698747695, 2.916095738502789] Score: 2.916095738502789 Runtime: 20343ms
[1.908371731164245, 2.8205070498944758, 4.970810254331147, 3.044780886607927, 4.606364950961727, 1.9779220254798793, -0.24996052980508046, 4.988850131736445, 4.66785968069364, 4.971663407207603, 0.050495196999053985] Score: 0.050495196999053985 Runtime: 20375ms
[2.8901491740776706, 4.536122397766376, 0.09355639964861369, 5.0, 2.8619516302001307, 4.728259588784726, 4.991966722688281, -2.4726962469210934, 4.248227940893256, 5.0, 0.398053577384426] Score: 0.398053577384426 Runtime: 20363ms
[4.219461598046116, 4.999, 2.8957378453079667, 4.3664031859152646, 3.2874415150641574, 4.850648510021934, 3.9857334334425363, 4.939290995620235, 4.936811854649802, 4.861940083275569, 0.548523844564202] Score: 0.548523844564202 Runtime: 20630ms
[3.7324824959424374, 4.992855643253703, 4.250427416931032, 5.0, 4.985136396209558, 4.7508690258120545, 2.6032180206621898, 4.638406873193767, 5.0, 4.9846098089824915, 0.9272930655480771] Score: 0.9272930655480771 Runtime: 20230ms
[3.8231795034379115, 4.962685293703975, 4.968533537638446, 4.058344384863968, 4.079533966942446, 3.7083033391897784, 4.102276850963931, 4.825724727777078, 4.96196955408997, 4.5075412989291666, 0.006642237681383209] Score: 0.006642237681383209 Runtime: 20502ms
[1.7307564310585426, 4.977269546684767, 3.5012693777779127, 4.3476901208215795, 3.490678995430918, 4.981621251207763, 1.0069991019269149, 1.3959551673181596, 2.9031155327820963, 4.112936210280424, 1.9079662003500852] Score: 1.9079662003500852 Runtime: 20453ms
[3.9544653684024524, 4.822294469937263, 5.0, 4.869051872024291, 3.9337906101476734, 5.0, 4.4856966424612565, 4.6817322708682525, 4.646329578488175, 4.019627680346133, 0.32670656779635965] Score: 0.32670656779635965 Runtime: 20501ms
[1.793490236982532, 4.354050247513811, 4.709243741881747, 1.2595499627134412, 3.15412339855641, 4.982681678013629, 4.25743094250128, 4.348375198756491, 3.061507417974008, 4.173136944800141, 0.3966611184905417] Score: 0.3966611184905417 Runtime: 20589ms
[1.2928740355502866, 3.0088941468195576, 4.427136232326187, 4.250203232061209, 4.130198070790828, 3.947003652110651, 4.983641056342889, 4.443265667677732, 3.768760255311464, 2.094752952342706, 1.5713799353544706] Score: 1.5713799353544706 Runtime: 20464ms
[5.0, 4.96077811244615, 4.136602584461943, 2.5296542340818746, 2.8707392575949626, 4.8009374874064035, 3.4131893409808325, 3.7287490308739417, 4.982156818075766, 3.939971246350656, 0.4035050123609425] Score: 0.4035050123609425 Runtime: 20419ms
[4.989983197324958, 2.032658376152086, 4.493241325287031, 4.993340854133608, 1.497923765023841, 4.302944014242631, 3.69039633589799, 4.4076812446107745, 3.0582969866172616, 3.807592125132453, 0.4635494058045109] Score: 0.4635494058045109 Runtime: 20444ms
[2.850151657089948, 3.4194966324459037, 3.824550227743573, 3.979161839358103, 2.6380669321740715, 2.5114021797534423, 1.7292144821964182, 1.427105112870743, 2.3860776568729962, 4.233808185608008, 0.5035000104731678] Score: 0.5035000104731678 Runtime: 20357ms
[4.894227060496922, 1.947582882916038, 2.737936525260242, 4.861552307962645, 4.5512922568775664, 4.859911413210706, 3.285459125157291, 4.566874151331136, 4.88566309461911, 4.730199392284129, 4.675947984220045] Score: 4.675947984220045 Runtime: 20630ms
