% function evaluation | noise-free fitness - Fopt (6,870000000000e+00) | best noise-free fitness - Fopt | measured fitness | best measured fitness | x1 | x2...
1 +2,803160418e+01 +2,803160418e+01 +3,490160418e+01 +3,490160418e+01 +3,6557e+00 +2,4841e+00 +4,2856e+00 -1,1408e+00 +3,7158e+00 +1,5257e-01 -4,2585e+00 -2,0414e+00 +4,9684e+00 -2,3799e+00
2 +2,419981117e+01 +2,419981117e+01 +3,106981117e+01 +3,106981117e+01 +2,9114e+00 -1,1434e+00 -4,8196e+00 +3,0832e+00 +1,2381e+00 +3,4450e+00 -6,1862e-01 +1,6382e-01 +1,3341e+00 -1,1363e+00
3 +1,112516316e+01 +1,112516316e+01 +1,799516316e+01 +1,799516316e+01 -2,5314e-01 -2,8963e-01 -2,3398e+00 +3,9467e+00 +1,7265e+00 -4,4220e+00 -8,4390e-01 +8,7170e-01 -4,8659e-01 +3,1700e+00
5 +7,495112032e+00 +7,495112032e+00 +1,436511203e+01 +1,436511203e+01 -4,5498e+00 -3,7015e+00 +3,2374e+00 -2,6597e+00 -3,0859e+00 +5,4240e-01 +1,9444e+00 +2,6321e+00 -4,4197e+00 -1,8703e+00
40 +4,594497177e+00 +4,594497177e+00 +1,146449718e+01 +1,146449718e+01 -4,3825e+00 +1,5528e-01 -2,9711e+00 -4,5352e+00 +4,6668e+00 +4,4345e+00 +1,6591e+00 -3,5384e+00 +3,1980e+00 -1,7402e+00
56 +3,959606212e+00 +3,959606212e+00 +1,082960621e+01 +1,082960621e+01 -2,1675e-02 -4,6235e+00 -1,5087e+00 +3,9185e+00 -1,3453e+00 +2,0542e+00 +1,1405e+00 -3,1197e+00 +2,1745e+00 -8,1340e-01
3827 +2,445915343e+00 +2,445915343e+00 +9,315915343e+00 +9,315915343e+00 +4,5880e+00 -1,7778e+00 -5,2779e-01 +4,7367e+00 +4,6208e+00 +6,0738e-01 +8,0100e-01 +5,9830e-01 +1,6772e+00 +1,4470e+00
131193 +1,496646005e+00 +1,496646005e+00 +8,366646005e+00 +8,366646005e+00 +3,4355e+00 -4,0098e+00 +2,4845e+00 -9,3906e-01 +2,4973e+00 +1,0293e+00 -5,0369e+00 +4,9664e+00 -1,4998e-01 +4,6575e+00
304401 +9,462574485e-01 +9,462574485e-01 +7,816257448e+00 +7,816257448e+00 -2,9064e+00 +4,6848e-01 +8,9424e-01 -3,6613e+00 +1,9554e+00 +1,2653e-01 -2,3940e+00 +1,3964e+00 +3,5888e+00 +2,1378e+00
